1 1000
1000 644 318 115
1000 1062 532 93
1000 422 539 113
1000 1348 840 106
1000 1292 350 80
1000 1682 327 191
1000 669 56 118
1000 999 222 47
1000 996 129 29
1000 1164 138 53
1000 545 844 103
1000 1068 1140 113
1000 490 1120 68
1000 380 1006 48
1000 278 864 50
1000 171 753 44
1000 137 516 67
1000 262 310 62
1000 412 180 66
1000 390 24 39
1000 264 4 47
1000 175 40 20
1000 214 149 57
1000 114 92 40
1000 13 75 32
1000 33 135 23
1000 60 215 35
1000 120 324 43
1000 16 383 31
1000 42 728 34
1000 27 826 40
1000 14 930 23
1000 264 1067 48
1000 701 537 44
1000 610 544 22
1000 574 625 21
1000 568 701 14
1000 625 720 19
1000 634 627 12
1000 662 658 13
1000 724 668 33
1000 804 733 39
1000 864 664 23
1000 966 673 24
1000 1038 750 32
1000 1176 681 47
1000 1385 652 30
1000 1484 602 30
1000 1470 501 27
1000 1450 422 27
1000 1678 611 64
1000 1803 558 38
1000 1618 724 47
1000 1506 776 22
1000 1467 708 26
1000 646 1026 38
1000 742 966 27
1000 800 1034 42
1000 914 1001 29
1000 904 1057 18
1000 892 1114 17
1000 876 1169 18
1000 1054 976 18
1000 376 862 32
1000 347 786 20
1000 276 776 20
1000 1284 39 30
1000 1540 660 25
1000 1660 916 20
1000 1780 984 53
1000 1697 1088 40
1000 934 826 41
1000 1020 886 34
1000 1130 922 30
1000 1166 834 27
1000 1207 962 21
1000 1292 982 25
1000 1280 1112 22
1000 1239 1056 18
1000 1330 1066 20
1000 1374 1166 19
1000 1312 1185 16
1000 1436 1144 24
1000 1420 1056 18
1000 1361 998 16
1000 1460 1012 16
1000 1446 954 19
1000 1502 938 19
1000 1555 806 21
1000 1570 942 20
1000 1576 1045 19
1000 1538 1000 17
1000 1590 1124 18
1000 1524 1118 15
1000 1518 1059 12
1000 1646 845 17
1000 1566 870 27
1000 1701 720 19
1000 1880 586 16
1000 1894 1002 47
1000 1840 1132 26
1000 1661 1189 24
1000 1750 1196 36
1000 1874 1194 32
1000 1646 998 19
1000 785 619 21
1000 802 522 15
1000 1066 326 28
1000 1064 383 11
1000 1015 392 10
1000 987 355 11
1000 1560 602 13
1000 904 174 23
1000 896 98 14
1000 892 227 16
1000 946 306 13
1000 1104 70 20
1000 1832 124 16
1000 1813 76 15
1000 1759 26 20
1000 1708 893 13
1000 1834 744 81
1000 1892 12 22
1000 816 920 26
1000 750 860 21
1000 708 812 12
1000 1306 194 17
1000 1177 43 15
1000 1272 108 10
1000 1214 214 14
1000 1185 222 9
1000 1247 184 12
1000 1386 20 14
1000 1412 44 15
1000 1424 95 12
1000 1491 82 10
1000 1457 30 11
1000 1506 54 8
1000 1691 6 13
1000 1512 538 12
1000 1380 470 15
1000 1317 464 14
1000 1254 476 16
1000 1193 425 13
1000 273 958 20
1000 382 922 14
1000 336 1118 15
1000 385 1154 19
1000 154 1177 21
1000 126 978 58
1000 262 580 20
1000 240 480 13
1000 1388 576 16
1000 1196 480 10
1000 1229 610 12
1000 1252 532 12
1000 1188 591 8
1000 1213 560 10
1000 820 568 13
1000 844 610 10
1000 880 571 13
1000 864 526 12
1000 883 490 14
1000 838 466 12
1000 875 404 10
1000 906 456 10
1000 918 415 9
1000 940 356 10
1000 1903 506 13
1000 1850 478 13
1000 1878 444 10
1000 1580 6 10
1000 1632 3 9
1000 1647 45 9
1000 1696 54 10
1000 1909 548 10
1000 1894 832 12
1000 1850 932 10
1000 1783 1084 14
1000 1824 1076 13
1000 1434 548 11
1000 1388 518 8
1000 1408 448 9
1000 1414 359 12
1000 1419 315 11
1000 1400 264 11
1000 1404 148 10
1000 1442 196 12
1000 1361 220 11
1000 1370 185 9
1000 1400 195 10
1000 1420 234 9
1000 1444 139 7
1000 1425 128 8
1000 1544 83 8
1000 1541 40 7
1000 1518 34 6
1000 307 96 13
1000 336 143 11
1000 468 6 15
1000 473 54 12
1000 446 56 9
1000 430 84 11
1000 511 202 14
1000 694 449 10
1000 730 462 8
1000 778 478 9
1000 772 570 11
1000 48 613 14
1000 65 654 9
1000 94 654 12
1000 128 678 13
1000 100 698 9
1000 160 633 11
1000 254 670 8
1000 274 644 10
1000 1586 653 9
1000 1210 525 8
1000 807 254 10
1000 882 308 10
1000 900 361 9
1000 886 338 6
1000 1109 388 11
1000 1128 357 9
1000 1110 288 12
1000 1140 224 10
1000 1164 244 8
1000 1136 256 8
1000 1104 246 8
1000 1078 267 10
1000 1158 320 8
1000 361 359 9
1000 336 390 9
1000 432 331 9
1000 410 372 7
1000 383 322 8
1000 417 306 7
1000 350 290 8
1000 373 282 6
1000 394 282 6
1000 882 728 13
1000 826 832 11
1000 732 758 12
1000 670 724 10
1000 964 407 8
1000 950 433 7
1000 1512 726 11
1000 1424 724 10
1000 1315 695 10
1000 1122 772 14
1000 1174 778 13
1000 1216 755 10
1000 1238 738 7
1000 1052 656 10
1000 1100 693 10
1000 1094 984 11
1000 1136 1002 12
1000 1192 1024 14
1000 1166 979 9
1000 1184 904 13
1000 1162 392 9
1000 1173 361 8
1000 1426 610 8
1000 1440 637 7
1000 1692 1006 12
1000 1708 948 11
1000 1545 557 9
1000 1542 1178 13
1000 1487 1170 14
1000 1465 1063 16
1000 1497 1013 8
1000 1400 1010 10
1000 1236 1144 10
1000 1228 1107 9
1000 1202 1096 9
1000 1212 1191 9
1000 716 1187 77
1000 158 411 9
1000 192 382 10
1000 174 353 6
1000 181 266 6
1000 70 288 7
1000 44 274 6
1000 120 170 7
1000 138 198 7
1000 22 517 9
1000 19 552 8
1000 98 620 7
1000 62 895 9
1000 88 858 7
1000 74 872 6
1000 216 910 9
1000 1228 910 10
1000 1218 878 8
1000 1106 860 11
1000 992 1004 10
1000 959 1042 8
1000 924 940 8
1000 864 963 9
1000 752 910 10
1000 686 953 9
1000 666 914 7
1000 1348 1130 6
1000 1322 1119 7
1000 1610 1176 10
1000 1622 1116 10
1000 1631 1080 7
1000 1633 1055 6
1000 1602 967 6
1000 1030 684 6
1000 996 707 7
1000 1402 382 6
1000 1392 305 8
1000 1424 285 7
1000 1370 284 8
1000 1294 232 6
1000 1244 244 8
1000 1268 154 9
1000 1206 76 7
1000 1225 43 10
1000 1222 18 10
1000 1235 78 8
1000 1344 44 11
1000 1178 13 8
1000 1347 116 7
1000 1310 124 6
1000 1308 156 6
1000 1340 156 6
1000 746 214 10
1000 846 231 9
1000 858 256 9
1000 856 292 9
1000 828 280 7
1000 822 211 8
1000 778 218 8
1000 776 186 7
1000 750 182 7
1000 490 116 6
1000 4 1151 37
1000 74 1197 23
1000 7 990 9
1000 15 1055 12
1000 28 1029 7
1000 40 996 8
1000 48 1034 7
1000 50 1076 6
1000 50 1101 4
1000 21 1087 5
1000 52 1054 5
1000 8 1030 5
1000 41 434 8
1000 55 410 6
1000 1434 665 8
1000 1384 700 6
1000 1418 498 7
1000 1436 472 7
1000 1808 32 11
1000 1829 4 12
1000 1849 56 11
1000 1874 82 6
1000 1874 113 10
1000 1902 110 10
1000 1902 73 6
1000 1772 94 8
1000 1751 61 6
1000 1670 32 6
1000 1590 58 5
1000 1610 58 7
1000 1605 36 7
1000 1369 74 7
1000 1389 110 5
1000 1340 503 7
1000 1361 442 6
1000 1230 445 8
1000 1196 316 7
1000 1164 281 7
1000 1182 271 8
1000 1269 233 5
1000 1260 206 6
1000 1148 430 6
1000 902 526 9
1000 940 550 6
1000 940 462 5
1000 562 552 9
1000 209 456 7
1000 290 468 7
1000 227 545 6
1000 86 28 11
1000 199 1144 7
1000 221 1140 7
1000 218 1170 9
1000 264 1162 8
1000 290 1150 8
1000 300 1132 6
1000 322 1170 11
1000 196 1022 9
1000 218 966 7
1000 210 937 6
1000 236 933 6
1000 334 925 11
1000 190 908 6
1000 362 1091 10
1000 588 1190 10
1000 599 1090 8
1000 269 715 7
1000 256 740 6
1000 319 748 8
1000 298 734 6
1000 315 682 8
1000 276 681 6
1000 378 737 7
1000 398 780 6
1000 422 845 7
1000 450 729 7
1000 463 705 6
1000 295 430 6
1000 271 424 5
1000 302 398 5
1000 670 625 7
1000 651 588 7
1000 622 599 7
1000 632 676 8
1000 682 763 8
1000 698 725 8
1000 784 812 8
1000 1644 796 9
1000 1695 771 9
1000 1680 801 9
1000 711 1076 9
1000 1697 846 9
1000 1626 897 8
1000 1678 970 8
1000 1381 953 7
1000 1412 976 6
1000 1388 972 5
1000 1339 970 5
1000 1370 1067 8
1000 1394 1092 7
1000 1385 1134 7
1000 1481 1095 8
1000 1564 1150 7
1000 1712 1155 8
1000 1769 1126 8
1000 1445 586 6
1000 1461 555 7
1000 1568 546 8
1000 1734 551 7
1000 1748 568 7
1000 1759 591 7
1000 1683 691 6
1000 1709 815 6
1000 1713 759 7
1000 1728 751 5
1000 1672 866 6
1000 1755 919 6
1000 1615 1004 5
1000 1628 1025 6
1000 1612 1049 6
1000 1598 1005 5
1000 1492 891 8
1000 1466 894 7
1000 1469 867 8
1000 1498 851 6
1000 1474 842 5
1000 1474 812 6
1000 1476 795 6
1000 1473 749 7
1000 1545 728 8
1000 1381 427 7
1000 1388 405 6
1000 1095 122 13
1000 1063 144 9
1000 1056 106 8
1000 1038 44 7
1000 1109 31 7
1000 1101 209 9
1000 1076 243 7
1000 1081 222 6
1000 1080 188 7
1000 1082 164 6
1000 1063 170 5
1000 1040 173 8
1000 1037 146 6
1000 1036 91 6
1000 1020 79 6
1000 1031 67 6
1000 1152 65 8
1000 1244 123 7
1000 1243 97 6
1000 1221 91 5
1000 1289 156 5
1000 1322 237 7
1000 1303 250 6
1000 1376 250 7
1000 1416 525 7
1000 1513 570 7
1000 1537 744 5
1000 1543 766 6
1000 1577 779 6
1000 1597 800 6
1000 1607 816 6
1000 1759 870 6
1000 1296 1032 9
1000 1233 1008 9
1000 1277 1057 8
1000 1360 1091 6
1000 1372 1111 6
1000 1254 937 7
1000 1218 827 8
1000 1231 778 7
1000 1214 797 6
1000 1208 783 6
1000 1189 805 4
1000 1197 868 6
1000 1121 975 6
1000 1065 928 7
1000 1086 900 6
1000 1113 885 6
1000 198 658 7
1000 194 630 7
1000 225 633 7
1000 222 658 5
1000 236 649 6
1000 24 485 6
1000 38 466 6
1000 61 452 6
1000 81 396 6
1000 128 392 6
1000 117 415 6
1000 95 437 6
1000 78 435 6
1000 79 417 6
1000 105 395 6
1000 51 324 6
1000 870 845 7
1000 980 974 7
1000 951 926 8
1000 895 940 7
1000 947 952 7
1000 721 1022 7
1000 720 1049 7
1000 739 1039 7
1000 737 1073 6
1000 511 1017 7
1000 528 1004 7
1000 596 1134 7
1000 616 1129 6
1000 622 1113 6
1000 626 1087 7
1000 540 1035 6
1000 304 1008 7
1000 275 994 6
1000 318 959 6
1000 1058 693 6
1000 1110 737 7
1000 1099 720 6
1000 1083 721 6
1000 1083 756 5
1000 1110 829 6
1000 1119 809 5
1000 1343 696 7
1000 1361 699 5
1000 1328 665 5
1000 1799 634 7
1000 1858 625 7
1000 1870 529 7
1000 1906 433 7
1000 1901 349 8
1000 1907 303 11
1000 1917 208 52
1000 1798 913 8
1000 1861 884 8
1000 1893 889 10
1000 1916 797 12
1000 894 632 9
1000 819 666 10
1000 815 639 7
1000 774 672 7
1000 1183 336 8
1000 1129 327 6
1000 1026 311 6
1000 868 191 8
1000 832 177 10
1000 869 136 9
1000 862 101 9
1000 826 123 7
1000 799 155 7
1000 830 504 7
1000 833 532 5
1000 770 503 6
1000 866 459 7
1000 842 437 7
1000 933 444 6
1000 910 390 7
1000 968 382 7
1000 992 390 6
1000 976 427 5
1000 918 371 5
1000 906 311 6
1000 905 276 6
1000 881 268 6
1000 924 291 5
1000 942 279 5
1000 1011 338 5
1000 1027 360 5
1000 1005 813 6
1000 988 799 5
1000 920 756 5
1000 913 713 5
1000 922 696 6
1000 962 719 5
1000 1485 8 7
1000 686 473 6
1000 461 319 6
1000 446 266 6
1000 304 210 8
1000 301 169 7
1000 347 86 7
1000 366 103 7
1000 332 118 6
1000 303 126 6
1000 278 92 6
1000 269 73 6
1000 252 69 6
1000 220 62 6
1000 44 650 5
1000 261 521 6
1000 278 533 5
1000 260 497 5
1000 273 487 5
1000 297 494 5
1000 459 381 7
1000 494 416 6
1000 510 383 6
1000 585 441 6
1000 646 497 6
1000 601 670 6
1000 611 641 5
1000 629 654 5
1000 585 680 5
1000 673 697 5
1000 732 612 6
1000 689 604 6
1000 656 610 6
1000 754 604 6
1000 706 931 7
1000 691 900 7
1000 696 871 7
1000 674 880 6
1000 681 852 6
1000 698 849 6
1000 744 801 6
1000 801 969 7
1000 868 905 7
1000 860 938 7
1000 1181 1074 5
1000 1169 1056 5
1000 1167 1016 5
1000 1332 1022 5
1000 1245 1177 5
1000 1271 1171 5
1000 1262 1156 5
1000 1496 1118 5
1000 958 168 7
1000 1055 193 6
1000 812 59 6
1000 833 54 6
1000 810 87 5
1000 496 712 6
1000 436 772 5
1000 406 753 5
1000 428 748 5
1000 432 721 6
1000 513 654 6
1000 515 708 5
1000 514 681 5
1000 539 623 5
1000 524 617 5
1000 528 643 5
1000 540 675 5
1000 532 701 5
1000 484 682 5
1000 476 670 5
1000 479 655 5
1000 440 796 5
1000 402 811 5
1000 380 821 5
1000 346 822 6
1000 246 804 6
1000 183 226 7
1000 141 253 6
1000 111 215 6
1000 155 232 5
1000 125 238 5
1000 91 278 5
1000 125 256 5
1000 174 293 5
1000 60 87 6
1000 122 38 6
1000 529 127 6
1000 537 144 6
1000 548 174 6
1000 472 94 6
1000 512 109 6
1000 534 40 6
1000 518 29 6
1000 532 9 5
1000 944 98 6
1000 924 105 5
1000 770 148 5
1000 803 132 5
1000 861 161 5
1000 857 122 5
1000 1423 1197 7
1000 1451 1197 6
1000 1264 1192 5
1000 880 702 4
1000 940 636 6
1000 920 618 5
1000 962 632 5
1000 1013 661 6
1000 1080 671 5
1000 1080 649 5
1000 1117 643 6
1000 1155 619 6
1000 1207 629 6
1000 1272 689 6
1000 1219 263 6
1000 1203 260 4
1000 1251 226 5
1000 1836 163 9
1000 325 231 6
1000 280 220 5
1000 291 228 5
1000 300 245 5
1000 253 224 5
1000 176 422 6
1000 197 433 5
1000 192 417 5
1000 280 392 6
1000 260 411 6
1000 235 386 5
1000 211 381 5
1000 331 709 5
1000 340 720 5
1000 317 719 5
1000 464 980 5
1000 480 974 5
1000 498 985 5
1000 472 997 6
1000 470 1022 5
1000 488 1010 5
1000 450 1008 5
1000 668 785 6
1000 652 768 6
1000 641 783 5
1000 654 807 5
1000 705 756 5
1000 717 740 5
1000 749 727 6
1000 725 721 4
1000 794 665 5
1000 383 379 5
1000 367 397 5
1000 324 432 5
1000 329 262 5
1000 345 266 4
1000 507 234 6
1000 529 257 5
1000 444 294 5
1000 483 254 5
1000 488 224 5
1000 794 206 6
1000 781 244 6
1000 805 492 5
1000 811 462 5
1000 960 738 5
1000 996 726 5
1000 1277 704 5
1000 1297 679 5
1000 1910 604 6
1000 1869 553 5
1000 1817 505 5
1000 1386 128 5
1000 1375 150 5
1000 1353 146 4
1000 1359 133 4
1000 1263 133 5
1000 1291 138 4
1000 1278 135 4
1000 1308 79 5
1000 1326 72 5
1000 1350 89 5
1000 1327 89 4
1000 1335 12 6
1000 1313 1 6
1000 1064 26 6
1000 1067 46 5
1000 1113 98 5
1000 1093 142 4
1000 1060 86 5
1000 1057 68 4
1000 947 117 5
1000 913 138 5
1000 998 54 5
1000 111 436 5
1000 69 465 4
1000 135 417 5
1000 63 426 5
1000 56 353 6
1000 69 374 5
1000 59 390 4
1000 78 382 4
1000 115 640 5
1000 193 990 5
1000 192 963 5
1000 1177 555 6
1000 1363 607 5
1000 1395 615 5
1000 1821 628 5
1000 1844 601 5
1000 1478 647 4
1000 1367 523 5
1000 1368 539 5
1000 1355 497 6
1000 1293 484 6
1000 1220 509 5
1000 1215 457 4
1000 1215 488 5
1000 1073 412 4
1000 1096 409 5
1000 1079 427 4
1000 1115 429 4
1000 1127 425 5
1000 1194 391 5
1000 787 124 4
1000 815 139 4
1000 810 102 4
1000 823 93 4
1000 836 79 5
1000 837 112 4
1000 860 149 4
1000 930 86 5
1000 1454 57 6
1000 1426 71 5
1000 1406 73 4
1000 1369 111 4
1000 1471 172 5
1000 1467 191 5
1000 1793 111 5
1000 1796 8 6
1000 1734 44 5
1000 516 417 5
1000 534 443 4
1000 478 400 5
1000 451 362 5
1000 483 298 5
1000 500 312 5
1000 363 321 5
1000 352 335 5
1000 335 342 4
1000 338 364 4
1000 325 359 4
1000 343 348 4
1000 211 259 4
1000 199 232 4
1000 135 226 4
1000 107 240 4
1000 83 259 4
1000 99 261 4
1000 106 275 5
1000 54 305 5
1000 61 4 6
1000 34 22 5
1000 48 19 5
1000 138 2 6
1000 109 3 5
1000 61 61 5
1000 3 221 7
1000 644 564 5
1000 679 590 4
1000 703 618 3
1000 738 590 4
1000 788 545 5
1000 916 551 5
1000 941 575 5
1000 856 409 5
1000 870 375 5
1000 845 391 4
1000 822 390 4
1000 844 326 5
1000 938 392 5
1000 923 331 5
1000 982 287 4
1000 972 321 4
1000 987 320 4
1000 1000 300 4
1000 1005 318 4
1000 1040 395 5
1000 1032 412 4
1000 803 447 4
1000 816 424 4
1000 625 965 5
1000 657 970 5
1000 644 948 5
1000 765 1098 5
1000 845 1105 8
1000 872 1085 6
1000 859 1062 5
1000 882 1032 5
1000 1019 1018 5
1000 994 1039 5
1000 1005 979 5
1000 958 981 6
1000 997 952 6
1000 980 943 5
1000 1126 1026 5
1000 1112 1021 5
1000 1099 1012 5
1000 1155 1041 4
1000 1141 1036 4
1000 1153 1024 4
1000 1335 1156 5
1000 1489 1035 6
1000 1572 1092 5
1000 1654 1146 5
1000 1625 1142 5
1000 1430 1 8
1000 1536 2 6
1000 1900 325 5
1000 1878 300 5
1000 1602 560 5
1000 1538 579 5
1000 872 807 5
1000 925 727 4
1000 943 729 4
1000 1075 794 4
1000 1097 791 4
1000 1060 840 4
1000 1083 836 4
1000 1070 870 4
1000 1238 928 4
1000 1412 948 5
1000 1427 697 6
1000 1401 713 5
1000 1379 715 5
1000 1448 751 5
1000 1455 572 5
1000 222 405 4
1000 240 401 4
1000 241 421 4
1000 211 423 4
1000 157 665 5
1000 174 659 5
1000 154 684 5
1000 301 754 5
1000 353 947 5
1000 290 987 4
1000 308 978 4
1000 456 942 4
1000 525 979 4
1000 572 996 5
1000 575 1034 5
1000 581 1079 5
1000 602 1054 5
1000 591 1041 5
1000 581 1013 4
1000 578 969 4
1000 501 968 4
1000 550 992 4
1000 684 1086 5
1000 637 1100 4
1000 579 1107 5
1000 603 1161 5
1000 577 1168 5
1000 619 1148 4
1000 915 1146 7
1000 910 1164 4
1000 931 1187 5
1000 909 1179 4
1000 794 1093 6
1000 788 1118 5
1000 845 1159 4
1000 827 1183 4
1000 938 1052 5
1000 919 1089 5
1000 934 1117 5
1000 929 1099 5
1000 855 486 4
1000 964 360 4
1000 1135 386 4
1000 1156 338 4
1000 1101 311 4
1000 1121 308 4
1000 1089 365 5
1000 1196 371 4
1000 717 436 4
1000 729 419 4
1000 759 483 5
1000 746 458 4
1000 794 467 4
1000 856 585 4
1000 859 555 5
1000 821 597 5
1000 898 609 5
1000 889 598 5
1000 867 596 4
1000 938 606 4
1000 897 770 5
1000 901 741 5
1000 1235 561 5
1000 1253 598 5
1000 1188 538 4
1000 1169 747 5
1000 1129 747 4
1000 1200 744 4
1000 1245 662 4
1000 1243 691 4
1000 1247 677 4
1000 1303 581 42
1000 1335 634 5
1000 1353 625 4
1000 1411 701 4
1000 1594 916 6
1000 1545 907 5
1000 1614 980 5
1000 1510 968 5
1000 1524 958 5
1000 1501 984 5
1000 1574 978 5
1000 1838 896 5
1000 1915 918 6
1000 1143 870 5
1000 950 484 5
1000 925 494 4
1000 914 482 4
1000 569 446 4
1000 555 439 4
1000 531 427 3
1000 544 422 3
1000 311 55 5
1000 342 57 5
1000 324 68 5
1000 326 27 4
1000 334 12 4
1000 317 38 5
1000 296 62 4
1000 287 71 4
1000 112 156 4
1000 16 182 4
1000 25 192 4
1000 53 581 5
1000 48 560 4
1000 183 597 5
1000 208 590 5
1000 206 607 4
1000 245 612 4
1000 144 613 4
1000 171 611 4
1000 77 610 5
1000 77 594 4
1000 95 602 4
1000 123 620 4
1000 106 725 4
1000 324 188 5
1000 518 176 4
1000 511 137 4
1000 807 17 5
1000 810 31 4
1000 819 39 4
1000 1327 170 4
1000 1345 194 4
1000 1350 181 4
1000 1140 464 4
1000 1163 482 4
1000 1158 465 3
1000 1556 711 5
1000 1505 668 4
1000 1342 670 4
1000 621 499 4
1000 641 515 4
1000 676 486 4
1000 597 479 3
1000 601 462 3
1000 496 376 4
1000 479 342 4
1000 423 396 4
1000 435 386 4
1000 467 415 4
1000 487 76 5
1000 517 77 5
1000 496 95 4
1000 499 82 4
1000 456 79 4
1000 535 103 4
1000 528 90 4
1000 511 93 4
1000 454 98 4
1000 454 112 3
1000 397 91 3
1000 502 28 3
1000 445 23 3
1000 254 542 4
1000 278 505 3
1000 291 513 4
1000 609 744 5
1000 593 725 5
1000 468 734 4
1000 411 731 4
1000 700 992 4
1000 703 1012 4
1000 869 864 4
1000 825 867 4
1000 770 894 4
1000 716 901 4
1000 1236 987 4
1000 1188 991 4
1000 1174 938 4
1000 1081 926 3
1000 1052 947 3
1000 1035 938 3
1000 1028 963 3
1000 966 911 4
1000 957 884 4
1000 949 905 4
1000 932 899 3
1000 880 928 4
1000 890 915 3
1000 908 958 4
1000 928 965 4
1000 888 967 4
1000 834 980 4
1000 1567 633 4
1000 1529 616 4
1000 1552 521 5
1000 1891 366 5
1000 1905 388 5
1000 1890 409 5
1000 1567 67 4
1000 1244 505 3
1000 1254 512 3
1000 1272 525 3
1000 865 327 4
1000 863 342 4
1000 856 360 4
1000 802 373 3
1000 811 354 3
1000 522 234 3
1000 538 244 3
1000 548 229 3
1000 400 331 4
1000 427 351 4
1000 378 302 3
1000 243 244 3
1000 226 248 3
1000 202 252 3
1000 148 263 3
1000 127 803 5
1000 192 814 4
1000 388 1068 4
1000 435 1055 3
1000 443 1032 3
1000 354 1166 7
1000 198 1197 4
1000 207 1187 4
1000 50 937 4
1000 76 914 5
1000 142 868 4
1000 1 461 5
1000 3 503 5
1000 44 491 5
1000 52 506 5
1000 12 297 5
1000 31 329 5
1000 293 694 3
1000 293 670 3
1000 310 666 3
1000 444 991 3
1000 627 925 3
1000 687 826 4
1000 727 833 4
1000 748 825 4
1000 784 847 4
1000 854 805 4
1000 701 787 4
1000 702 772 4
1000 690 798 4
1000 669 810 3
1000 654 827 3
1000 660 846 4
1000 870 1003 4
1000 849 994 4
1000 869 982 3
1000 865 991 3
1000 853 1031 3
1000 736 1019 3
1000 749 1015 3
1000 758 1003 3
1000 953 1064 4
1000 972 1029 3
1000 957 1008 4
1000 1363 1039 4
1000 1394 1050 4
1000 1558 971 4
1000 1617 939 4
1000 1727 903 4
1000 1651 881 4
1000 1742 905 4
1000 1680 841 4
1000 1340 654 4
1000 1374 609 4
1000 1423 588 4
1000 1003 424 4
1000 1340 261 3
1000 1422 267 3
1000 1266 256 4
1000 1197 12 5
1000 1083 33 4
1000 1082 20 3
1000 1053 8 3
1000 877 69 3
1000 897 70 3
1000 926 224 4
1000 922 244 4
1000 921 261 4
1000 941 255 4
1000 939 242 4
1000 1452 90 4
1000 1464 113 4
1000 1465 144 4
1000 959 756 4
1000 967 777 3
1000 986 764 3
1000 979 741 3
1000 977 725 4
1000 1004 690 4
1000 1054 713 3
1000 1615 661 3
1000 1602 608 3
1000 1604 591 3
1000 1592 599 3
1000 1565 577 3
1000 1597 575 3
1000 1782 637 4
1000 1682 748 4
1000 1897 461 3
1000 1474 54 4
1000 1495 40 4
1000 1612 6 5
1000 1880 64 4
1000 1896 53 4
1000 1275 184 3
1000 1291 170 3
1000 596 176 4
1000 575 183 4
1000 654 186 5
1000 696 189 4
1000 786 167 4
1000 318 252 3
1000 357 262 3
1000 464 283 4
1000 237 453 4
1000 129 431 4
1000 101 414 4
1000 1230 546 3
1000 1508 499 3
1000 1436 527 4
1000 1479 542 4
1000 1491 749 3
1000 1500 743 3
1000 1454 1103 4
1000 1479 1126 4
1000 1394 1196 5
1000 1490 1199 5
1000 1584 1187 4
1000 1221 1128 3
1000 1214 1154 3
1000 1203 1145 4
1000 1225 1025 3
1000 1265 955 3
1000 1251 968 3
1000 1275 948 4
1000 1189 927 3
1000 1194 884 4
1000 1166 892 3
1000 1156 890 3
1000 1135 734 4
1000 1124 723 3
1000 1151 746 3
1000 1185 750 3
1000 1071 1012 4
1000 1011 964 3
