3 1000 2000 3000
1000 7032 6100 1055
1000 1938 1773 1018
1000 5328 9315 939
1000 8086 2005 1086
1000 2236 5896 1089
1000 1035 8899 1062
1000 4921 2751 938
1000 9233 8993 956
1000 9463 4701 1073
1000 4588 6883 1079
2000 2297 9133 104
2000 9367 1971 90
2000 2540 2999 98
2000 726 4161 96
2000 7122 4384 97
2000 7883 8146 105
2000 8444 468 97
2000 1955 258 94
2000 5426 5387 92
2000 579 652 102
2000 4185 8158 107
2000 3347 1387 107
2000 4198 721 91
2000 8318 5776 105
2000 3822 1059 103
2000 7667 361 104
2000 65 6721 108
2000 3203 3997 94
2000 1582 3537 102
2000 6737 8697 96
2000 7323 3551 104
2000 4182 411 99
2000 9749 6902 108
2000 1069 59 103
2000 9795 6529 105
2000 6518 67 98
2000 2808 7103 97
2000 3783 165 98
2000 2328 7802 96
2000 438 7292 101
2000 7479 9139 101
2000 9653 2486 104
2000 9445 7565 100
2000 6161 7160 100
2000 7102 548 107
2000 3478 9324 103
2000 8640 3669 97
2000 9421 7155 96
2000 7108 8853 92
2000 5576 4897 103
2000 2605 4403 101
2000 4460 5017 91
2000 8234 6747 94
2000 8301 6173 94
2000 9171 7410 98
2000 7559 7264 97
2000 8705 7225 110
2000 4993 28 97
2000 3579 3545 106
2000 6 7594 96
2000 76 4126 108
2000 6818 7892 102
2000 2640 8735 108
2000 2915 1037 97
2000 1078 5131 107
2000 9018 1090 94
2000 3074 8131 97
2000 2915 3065 108
2000 1404 380 101
2000 7069 2892 101
2000 4883 4382 100
2000 3162 2714 90
2000 2277 198 94
2000 6917 9782 95
2000 1844 7862 90
2000 4287 1295 107
2000 7874 116 94
2000 6685 2376 107
2000 5975 3257 106
2000 2994 724 93
2000 6042 2015 91
2000 2247 3798 102
2000 2960 9097 103
2000 9283 2686 100
2000 2663 8436 93
2000 314 3823 109
2000 5941 1070 92
2000 6200 2770 96
2000 832 3843 102
2000 3156 9416 105
2000 297 2073 101
2000 5245 3906 103
2000 8673 5890 96
2000 7732 4569 95
2000 793 3043 104
2000 5476 8161 100
2000 533 6437 103
2000 5869 7382 102
2000 1537 4346 107
2000 9076 164 99
2000 455 976 105
2000 9667 579 98
2000 2748 3475 95
2000 8716 60 100
2000 765 4723 109
2000 231 4598 102
2000 2878 9901 91
2000 3391 8449 107
2000 5932 4246 98
2000 1496 2998 92
2000 3343 7499 110
2000 2738 4082 105
2000 8757 464 101
2000 951 6956 105
2000 6552 1003 105
2000 3476 439 109
2000 2165 8265 100
2000 652 5844 90
2000 6086 4857 98
2000 936 6523 100
2000 8933 3088 101
2000 6589 423 95
2000 4145 43 107
2000 5047 612 107
2000 9968 7480 110
2000 1437 4870 105
2000 2539 669 106
2000 1040 4346 94
2000 4670 83 106
2000 7338 8241 95
2000 353 7788 95
2000 7922 3402 103
2000 3780 4794 92
2000 1158 3026 104
2000 9149 3435 105
2000 865 2748 95
2000 5420 4229 108
2000 5728 5469 102
2000 8353 7828 100
2000 347 125 108
2000 4055 5182 95
2000 2284 4218 106
2000 6376 4643 95
2000 6167 8071 101
2000 9877 886 104
2000 4294 3796 100
2000 8647 6311 92
2000 6242 2286 100
2000 3444 2229 102
2000 8942 6558 93
2000 3704 2660 93
2000 5556 1021 97
2000 3944 3952 101
2000 1507 7020 93
2000 8845 835 95
2000 3272 1960 107
2000 6122 550 103
2000 3349 137 102
2000 145 697 101
2000 3558 9941 104
2000 9762 2029 108
2000 8280 9796 105
2000 8388 3932 98
2000 2101 7407 92
2000 6606 4386 103
2000 7136 4795 108
2000 6528 2001 98
2000 3660 5846 101
2000 9683 3433 91
2000 66 3126 109
2000 3438 3258 92
2000 7132 4087 94
2000 5515 175 102
2000 2816 4676 91
2000 6399 1282 101
2000 3484 8752 103
2000 6443 1657 100
2000 7677 8835 98
2000 3996 9956 106
2000 1016 933 96
2000 1934 3944 91
2000 4050 3564 101
2000 3574 5421 92
2000 7876 7579 103
2000 2249 3151 91
2000 1831 3313 93
2000 1743 4654 110
2000 8221 4313 95
2000 85 9873 100
2000 9395 3150 91
2000 4351 1625 108
2000 7223 7730 109
2000 3001 8602 107
2000 4681 801 106
2000 2159 3500 96
2000 2899 7677 106
2000 6027 3875 106
2000 3722 7893 97
2000 7793 9185 104
2000 2602 9304 105
2000 6318 4213 91
2000 3775 1473 93
2000 9965 2871 91
2000 4101 9382 97
2000 9842 1680 97
2000 7834 4160 98
2000 3883 9589 99
2000 9287 6436 108
2000 3305 5063 104
2000 2924 222 95
2000 3139 9711 93
2000 449 2776 106
2000 1774 7267 97
2000 7819 4979 106
2000 100 6267 98
2000 7174 938 109
2000 5085 4783 103
2000 8258 31 92
2000 8003 9508 92
2000 7542 3261 101
2000 7727 3823 98
2000 6166 7571 95
2000 384 5754 91
2000 3734 4440 103
2000 2572 9844 94
2000 3748 8391 97
2000 6144 5188 108
2000 4995 1445 96
2000 6786 3411 106
2000 6654 9117 104
2000 603 6953 93
2000 3445 3867 90
2000 7503 7624 92
2000 7221 9976 91
2000 8289 8338 94
2000 4191 8969 94
2000 4829 5188 104
2000 7362 9493 102
2000 8264 5449 95
2000 7194 3246 99
2000 7560 733 92
2000 6460 8840 102
2000 2663 3752 93
2000 1519 23 109
2000 9938 399 102
2000 783 406 102
2000 8068 3733 105
2000 309 1442 94
2000 6059 1619 93
2000 9307 1445 99
2000 3884 2247 104
2000 6609 2882 110
2000 5848 7920 106
2000 6464 3211 102
2000 270 2458 102
2000 5058 955 105
2000 8051 541 96
2000 4023 1774 98
2000 6304 3608 94
2000 5694 4063 91
2000 8632 3272 92
2000 9612 2879 103
2000 3477 4280 98
2000 7503 4809 104
2000 5667 1495 103
2000 2510 8108 109
2000 478 4374 90
2000 9878 7820 108
2000 4091 4434 102
2000 164 5012 106
2000 6526 8128 99
2000 4701 1182 100
2000 3147 6907 100
2000 7269 69 99
2000 6657 9616 104
2000 996 7566 92
2000 440 3088 93
2000 926 2450 96
2000 9159 809 97
2000 6655 4791 97
2000 5075 8182 108
2000 4761 3931 94
2000 6968 9466 102
2000 2053 563 98
2000 7133 8485 109
2000 288 5420 103
2000 9215 7788 108
2000 6725 3859 104
2000 1169 7317 102
2000 493 4884 94
2000 2635 120 104
2000 9302 6811 103
2000 7490 4400 95
2000 8919 6983 100
2000 5905 8300 95
2000 3753 9091 101
2000 5685 4584 107
2000 1445 7490 95
2000 695 1976 97
2000 4 3524 100
2000 7613 8046 90
2000 3702 3014 104
2000 1125 3946 103
2000 9410 114 97
2000 1648 3997 95
2000 7891 8492 96
2000 4440 5592 92
2000 6812 1485 102
2000 6944 1169 95
2000 5607 7708 91
2000 5331 1654 109
2000 4748 414 98
2000 5855 6672 94
2000 290 3496 91
2000 3761 5081 95
2000 1396 3288 91
2000 6407 9953 108
2000 1985 9996 107
2000 4976 5661 90
2000 2490 7347 110
2000 667 7601 99
2000 6603 7619 96
2000 1345 710 96
2000 860 3409 108
2000 9596 6090 106
2000 3390 2917 104
2000 5692 3588 94
2000 9677 1182 92
2000 6633 8392 92
2000 4216 4808 96
2000 4760 8207 99
2000 8320 7092 98
2000 7623 9930 110
2000 917 6155 91
2000 5748 523 98
2000 3120 4425 92
2000 9336 2368 105
2000 2253 9763 96
2000 6747 682 98
2000 8345 3515 100
2000 961 642 95
2000 9335 1065 98
2000 1130 4786 103
2000 5756 5869 99
2000 2348 8568 106
2000 9972 1341 93
2000 7924 7149 98
2000 3254 8928 90
2000 4427 8565 92
2000 6799 1784 98
2000 2952 3844 95
2000 91 7306 101
2000 3373 7886 99
2000 8068 8881 106
2000 7586 4 100
2000 5694 1817 90
2000 8064 5178 95
2000 5857 151 102
2000 640 1344 100
2000 84 2719 107
2000 46 1293 93
2000 8434 763 93
2000 5225 342 103
2000 605 5328 97
2000 6393 4968 108
2000 3304 1003 95
2000 3789 693 99
2000 7370 370 96
2000 4064 8685 93
2000 5253 1247 103
2000 3099 2373 105
2000 8804 7777 99
2000 3492 1671 101
2000 7213 7404 97
2000 6210 934 102
2000 8145 7362 99
2000 6472 7312 101
2000 600 2278 107
2000 6494 9366 93
2000 5389 4583 91
2000 9940 88 91
2000 12 1744 95
2000 3104 3600 96
2000 8020 9985 94
2000 380 6734 101
2000 4507 4615 101
2000 3139 419 90
2000 8426 7425 91
2000 2255 9458 100
2000 9073 6118 90
2000 5225 5044 96
2000 182 7018 97
2000 180 5960 91
2000 7424 8655 93
2000 3971 5658 98
2000 6960 8192 107
2000 6 997 98
2000 4675 1487 93
2000 5042 4126 95
2000 7540 4081 94
2000 6914 154 109
2000 8539 6626 108
2000 3332 4718 91
2000 9962 6150 94
2000 7089 9135 91
2000 8115 4773 106
2000 9332 455 97
2000 6279 252 94
2000 95 316 96
2000 1164 6711 90
3000 8443 2756 102
3000 4346 2453 108
3000 1246 8164 108
3000 8709 9454 92
3000 1892 5327 109
3000 7864 6002 102
3000 3668 6820 96
3000 3983 6271 108
3000 1626 5598 110
3000 9895 8913 103
3000 7537 2550 100
3000 4857 7605 109
3000 8957 5416 97
3000 7209 1981 107
3000 4948 3463 90
3000 7493 6648 94
3000 5350 7228 100
3000 1455 6071 107
3000 8999 4193 109
3000 3991 7416 106
3000 1533 9483 109
3000 2561 2215 93
3000 2365 6639 105
3000 8706 2493 109
3000 3060 6153 92
3000 9641 3949 108
3000 5905 9593 105
3000 4714 9492 100
3000 1905 2506 106
3000 903 8036 110
3000 2216 5172 97
3000 9168 8301 91
3000 1615 6384 109
3000 8797 8457 97
3000 8889 1831 103
3000 6173 6345 91
3000 5422 3122 98
3000 315 8978 91
3000 8273 1289 103
3000 1151 1700 97
3000 9651 9418 98
3000 2226 1189 95
3000 6126 6041 91
3000 5657 8814 92
3000 4967 8719 96
3000 1605 8289 90
3000 3109 5622 97
3000 5708 9861 94
3000 1830 9159 107
3000 4683 9144 106
