18 12002 13002 14002 12001 13001 15002 14001 16002 15001 17002 16001 17001 12000 13000 14000 15000 16000 17000
17000 7597 847 14
17000 8288 4251 14
17000 7408 9925 14
17000 3227 2144 14
17000 7012 6887 11
17000 7168 5055 9
17000 9357 9302 14
17000 1450 8280 14
17000 6594 7474 24
17000 3538 2839 24
17000 6160 8125 24
17000 9085 9971 24
17000 5151 7448 33
17000 5081 7034 33
17000 5573 7939 43
17000 5782 7837 43
17000 7101 7007 43
17000 3402 6214 39
17000 8687 9079 43
17000 3001 8950 40
17000 6979 1863 43
17000 2199 9548 53
17000 6055 3500 52
17000 8955 9197 61
17000 1587 6379 59
17000 2650 1212 61
17000 3874 8893 57
17000 2083 7227 71
17000 4674 1972 70
17000 7043 6831 69
17000 7133 7826 80
17000 9613 3841 90
17000 9335 6456 90
17000 8466 7776 90
17000 5600 4975 98
17000 5033 3297 98
17000 8107 7607 98
17000 6887 7550 95
17000 2823 1612 105
17000 2464 1977 101
17000 1385 4557 117
17000 9862 2160 125
17000 6760 7533 133
17000 525 24 111
17000 223 1526 144
17000 5344 3399 130
17001 4884 3472 152
17001 1222 58 150
17001 8990 375 160
17001 9144 208 221
17000 1739 9599 14
17002 346 8523 280
17002 8821 208 245
17002 4920 9269 303
17002 2905 9885 397
17002 6848 6136 285
17002 7842 2532 329
17002 9433 3232 252
17002 9789 14 486
17002 150 8210 375
17002 5612 366 293
17002 2520 5161 337
17002 5204 326 403
17002 4751 369 471
17002 2861 7629 400
17002 6483 4145 393
17000 3775 7761 14
17002 9548 5028 357
17002 8059 1033 450
17002 9957 4428 480
17002 4348 2865 357
17002 3215 3531 315
17002 4479 9322 426
17002 8344 6395 332
17002 2208 4072 436
17002 3803 2037 340
17002 9248 3175 302
17002 3207 6929 409
17002 6845 8961 425
17000 3820 3156 90
17000 9978 7078 126
17002 9949 2929 442
17002 2761 8137 342
17002 7369 4343 337
17000 1686 4205 136
17002 6315 193 354
17002 5986 260 404
17002 2960 9407 282
17002 985 292 330
17002 5004 2629 301
17002 391 9433 420
17000 4617 3191 24
16000 3162 2367 8
16000 5417 7518 14
16000 5292 7160 13
16000 7165 7394 13
16000 9195 6343 14
16000 6357 3422 14
16000 1883 7905 14
16000 4399 6816 14
16000 8935 7936 14
16000 8255 3030 13
16000 4582 3862 14
16000 1364 6082 13
16000 9848 9230 23
16000 3932 8542 23
16000 1858 8661 23
16000 8159 7826 19
16000 4389 5691 22
16000 6185 8053 23
16000 1117 8332 23
16000 2910 5644 23
16000 1614 9534 23
16000 4835 7462 23
16000 3464 8997 31
16000 8386 6931 32
16000 7046 6350 30
16000 2767 6878 31
16000 5671 8518 32
16000 7153 6979 31
16000 4491 3986 31
16000 4249 1933 40
16000 4523 6538 40
16000 2545 3776 32
16000 8204 2873 41
16000 1392 6473 40
16000 2206 816 40
16000 5785 8713 30
16000 4490 3441 49
16000 5903 8276 49
16000 3512 8951 49
16000 2221 3186 49
16000 3693 1281 49
16000 1610 3925 48
16000 2375 1130 57
16000 8066 4461 54
16000 222 9981 58
16000 2368 9338 56
16000 3584 9123 43
16000 4690 6087 65
16000 7399 6535 65
16000 7930 9846 62
16000 9763 9056 66
16000 4862 1842 31
16000 7305 9374 73
16000 4098 5085 76
16000 9838 1944 76
16000 5271 3480 43
16000 7576 9500 74
16000 3298 8855 76
16000 5027 3534 73
16000 4464 4089 83
16000 5250 3524 77
16000 4961 3201 84
16000 2442 9153 71
16000 2248 2885 85
16000 4955 3407 69
16000 2420 9241 100
16000 4575 4110 101
16000 6823 2009 104
16000 3972 8998 124
16000 3433 2040 118
16000 6876 4244 26
16000 393 1719 136
16000 8071 5461 74
16000 4757 3457 149
16000 2226 9898 134
16000 3575 2696 129
16000 3911 5985 41
16000 2567 9539 177
16000 4043 2866 111
16001 2082 9849 199
16001 6467 9813 186
16001 1019 7175 215
16001 2866 4802 231
16000 4932 3095 14
16001 9896 881 295
16000 5281 3250 56
16001 494 9689 231
16000 2781 6838 14
16001 521 318 242
16001 474 5422 194
16002 3559 766 298
16000 916 5034 38
16002 5720 3799 305
16002 9828 7658 400
16002 1095 333 322
16002 2742 471 303
16000 5132 6436 46
16002 526 598 359
16002 7366 2216 369
16002 3023 5226 267
16002 53 307 337
16002 9295 3831 229
16000 3922 3401 58
16002 5694 3251 370
16002 3194 600 371
16000 757 8502 110
16002 9780 4792 225
16002 9177 4006 241
16002 6664 6601 287
16001 5706 84 224
16002 9337 632 424
16000 2628 7291 14
16002 7507 2715 424
16002 3368 5198 352
16002 1730 550 345
16002 9620 9969 476
16002 5889 5558 364
16002 9205 3532 402
16002 4654 946 429
16002 3597 3905 415
16002 9364 4380 447
16002 735 1076 501
16002 7159 527 343
16002 687 5938 420
16002 872 4282 304
16002 3316 1576 404
16002 7280 5566 288
16002 900 2639 326
16002 8933 5169 311
16002 3495 4473 473
16002 3707 9545 406
16002 9279 8728 318
16002 337 2498 468
16002 4024 2411 395
16002 7796 5926 362
16001 2999 4366 264
16002 4967 1134 399
16002 481 7905 518
16002 1649 9926 301
16002 5284 9828 530
16002 918 9110 490
16000 2095 3174 40
16002 6092 2331 228
16002 8845 5743 380
16002 8312 9590 417
16002 5498 9262 397
16002 1515 891 455
16002 1770 2169 400
16002 8355 6048 283
16002 160 6435 498
16002 2597 208 442
16002 5431 4354 468
16002 1303 2219 346
16002 9056 5512 329
16002 6258 825 496
16002 2207 5668 511
16002 130 6889 422
16002 6078 4059 449
16002 7210 93 466
16002 5983 9322 344
16002 1661 3546 324
16002 3297 7451 414
16002 7190 3162 418
16002 1461 1673 487
16002 4312 1387 452
16002 1038 9765 415
16002 6652 9328 502
16002 3186 1151 428
16002 2697 3431 342
16002 3570 7024 307
16002 5809 9544 366
16002 9030 2877 365
16002 7771 1670 459
16002 280 7372 462
16002 8791 6470 368
16002 5217 5570 467
16002 5488 731 339
16002 4044 7481 327
16000 3839 8812 76
16002 4714 8791 460
16002 2985 8260 315
16002 5055 2426 432
16002 8024 9302 426
16002 8558 5142 488
16002 6913 3315 445
16002 1076 5610 413
16002 1025 3692 371
16002 6813 846 506
16002 5685 5721 295
16002 4847 4539 336
16002 2441 8688 408
16002 853 3286 491
16002 4271 7737 366
16002 6185 4951 411
16000 4594 5505 31
16002 4870 4888 447
16000 4448 6659 32
16002 5354 1286 415
16002 1583 3032 461
16002 1976 221 518
16002 844 1685 398
16002 1359 7612 438
16002 7672 6869 326
16002 5555 8991 319
16002 3860 4306 507
16002 6606 7022 310
16002 7793 1275 315
16002 6211 8672 389
16002 9326 7313 467
16002 6177 2782 271
16002 4397 9578 366
16000 9871 3846 91
16002 6971 70 284
16002 9208 1933 437
16000 9650 6649 49
16002 2160 1567 367
16000 3471 9154 119
16002 2925 2956 332
16002 2096 2226 385
16000 5584 2061 121
16000 4199 3191 14
16002 7468 9044 326
16002 8725 3020 404
16002 626 3639 296
16001 7720 8797 223
16002 3595 230 376
16002 5302 3947 368
16000 7562 9600 48
16002 3162 18 371
16002 222 216 320
16002 1072 8029 270
16002 2388 7968 309
16002 252 5681 441
16000 4847 6326 48
16002 8245 7212 259
16002 6495 2951 327
16002 3001 9581 306
16002 6009 2474 435
16002 4060 6989 232
16002 4141 7208 328
16002 5124 4326 270
16002 2041 1891 324
16002 6662 4678 446
16002 6700 2537 490
16002 9074 1042 399
16002 7367 1629 341
16002 6131 8943 357
16002 2375 6396 497
16002 3413 1143 246
16002 910 9974 369
16000 2130 9260 171
16002 4733 2800 249
16002 7687 2149 340
16002 4326 4621 402
16001 514 9014 203
12000 2030 7433 7
12000 4049 5928 7
12000 1649 6048 7
12000 5490 8606 7
12000 4066 5788 7
12000 3661 5692 7
12000 1219 6552 8
12000 9456 6291 9
12000 3225 9030 9
12000 9068 9418 10
12000 93 8770 7
12000 2609 1563 12
12000 3625 9071 14
12000 3699 9106 14
12000 8916 8051 15
12000 1967 8695 17
12000 3642 5557 21
12000 1687 5189 24
12000 11 9893 20
12000 143 8934 43
12000 550 8662 39
12000 111 9849 51
12000 3958 8852 9
12000 192 8808 52
12000 6106 9985 63
12000 1794 5116 48
12000 6186 9812 73
12000 5389 6699 66
12001 9965 6727 113
12001 8659 6060 144
12002 54 4818 264
12002 68 3113 274
12000 2304 9268 12
12002 2227 4873 216
14000 4993 1720 8
14000 6188 7505 8
14000 5957 8304 8
14000 2636 7224 8
14000 8342 2790 7
14000 3936 904 8
14000 4885 7314 8
14000 5324 7499 8
14000 1505 5187 8
14000 6190 6776 9
14000 4853 4055 14
14000 8088 2939 8
14000 4500 1858 16
14000 3770 3453 17
14000 9552 6485 8
14000 6568 1979 17
14000 6468 5680 17
14000 4575 6005 17
14000 2600 2416 17
14000 3701 5472 20
14000 3647 3408 20
14000 4715 1913 19
14000 8874 9861 26
14000 4598 6779 26
14000 6394 1535 26
14000 9986 491 25
14000 2682 1778 29
14000 8404 2601 29
14000 9784 3906 33
14000 70 9176 31
14000 3387 2351 37
14000 1656 5030 42
14001 5752 2039 57
14000 3935 976 8
14002 54 1033 146
14002 4016 357 157
14002 9726 8480 158
