18 12002 13002 14002 12001 13001 15002 14001 16002 15001 17002 16001 17001 12000 13000 14000 15000 16000 17000
17000 6732 8439 7
17000 2197 4190 7
17000 5062 3396 14
17000 8846 5111 12
17000 2555 6900 18
17000 8373 3065 14
17000 9836 5069 18
17000 7695 516 21
17000 8881 6509 29
17000 6436 1489 15
17000 4258 5691 15
17000 3821 3944 29
17000 3215 1751 25
17000 4701 1127 34
17000 5826 6147 17
17000 6500 3657 42
17000 478 6350 42
17000 1168 819 42
17000 4019 5297 21
17000 2402 772 8
17000 9880 1404 42
17000 2701 6251 60
17000 1593 5612 50
17000 7558 7869 50
17000 5581 5174 53
17000 1213 7668 60
17000 434 9410 60
17000 9320 234 60
17000 8345 9774 60
17000 204 7664 56
17000 2331 7873 11
17000 2962 7598 67
17000 2349 5152 63
17000 6217 9568 30
17000 9253 9465 77
17000 9568 9643 66
17000 9149 3353 15
17000 3784 1240 71
17000 2519 2006 29
17000 5654 3387 56
17000 6636 5578 71
17000 7842 4750 72
17000 2921 5303 71
17000 982 5959 72
17000 7537 7389 63
17000 2399 3129 77
17000 6878 1528 77
17000 8113 6946 77
17000 1289 2627 77
17000 4824 5148 77
17000 4494 8628 77
17000 6026 8784 31
17000 3247 1717 77
17000 4653 2491 76
17000 3978 8640 77
17000 2918 6074 62
17000 1947 8532 85
17000 9745 8370 67
17000 7097 2527 84
17000 3438 2058 85
17000 5750 5447 56
17000 2914 5833 75
17000 2419 5094 85
17000 7017 731 110
17000 4333 3417 91
17000 5744 6135 92
17000 3353 3326 18
17001 8196 3897 133
17000 1958 6388 60
17001 1833 4920 183
17001 5213 5099 138
17000 3403 9406 60
17001 1499 9253 183
17001 9122 5411 178
17000 9893 575 18
17001 3583 8406 133
17001 3048 9346 179
17001 4259 9269 165
17000 9378 1375 59
17001 6512 6311 160
17001 4874 7093 178
17001 1386 1687 170
17001 5621 3338 183
17001 647 186 140
17000 1181 1612 60
17001 3941 6733 183
17001 164 7485 165
17001 8441 691 179
17001 3712 5458 168
17001 6854 6456 170
17001 8126 3786 182
17000 6758 4802 8
17001 5953 6856 166
17000 4496 688 95
17001 7421 4878 179
17000 1137 5890 12
17001 5936 7015 168
17000 7912 3651 91
17001 9401 4357 181
17000 2432 1686 49
17001 3324 4683 174
17000 3479 3445 59
17001 8863 4986 177
17001 7755 7275 191
17001 6504 7462 178
17000 4593 6643 92
17001 9384 9488 178
17001 5873 3319 192
17000 6008 3199 88
17001 5611 4575 179
17001 563 9653 192
17001 8138 3674 177
17001 4576 7139 183
17000 6935 9876 29
17000 5953 3790 107
17000 6481 6964 99
17001 6322 8275 179
17001 9787 8431 193
17001 8280 5269 168
17000 85 2243 19
17000 1658 5652 66
17001 4995 5155 153
17000 6720 8513 62
17001 1423 5015 172
17001 1144 2183 195
17000 7964 2346 36
17000 8586 1956 124
17001 8262 576 167
17000 672 690 50
17001 5437 9506 179
17000 7027 8931 124
17001 8880 5323 167
17001 7464 8847 182
17001 9894 966 142
17000 2056 4208 50
17001 2608 3307 186
17000 5578 9988 125
17000 2395 2589 46
17001 7347 5315 177
17001 5710 2116 147
17000 2537 4553 125
17001 5654 7146 168
17000 782 8697 85
17001 4326 7177 178
17001 8067 1834 195
17001 6638 5800 178
17001 538 8478 195
17000 745 491 72
17000 2442 7162 104
17000 8175 6393 72
17001 7969 6469 183
17001 1440 8464 194
17001 6523 5510 148
17001 8161 8423 196
17001 8138 8903 183
17001 6629 2242 184
17000 9891 8725 91
17001 3160 4811 150
17000 4437 2928 42
17001 5311 9945 183
17000 4169 4640 77
17001 8161 9412 147
17001 1304 5159 178
17001 8977 6159 182
17000 9241 9332 36
17000 7238 4664 67
17000 5575 2027 125
17000 1673 3436 28
17000 6055 7050 63
17001 6537 1882 177
17001 9640 2268 191
17000 6823 845 80
17001 6903 3097 164
17001 2698 3154 191
17000 2930 4550 28
17000 6870 8830 125
17001 9696 6006 174
17000 2190 6439 72
17001 2393 7106 191
17000 3045 4026 110
17001 7491 5119 190
17001 3495 1717 167
17000 7078 6666 12
17001 4781 4232 141
17001 882 9645 168
17000 287 3989 9
17000 3313 5144 11
17001 6883 2609 153
17001 7235 7983 126
17000 5133 5057 22
17001 5961 3398 144
17000 3608 2679 18
17001 6617 1395 162
17001 1183 2792 138
17001 3699 6602 162
17000 2411 4878 34
17001 8294 6116 136
17001 988 6704 162
17000 4781 3110 30
17001 3646 5467 153
17000 8697 942 35
17001 4451 4114 93
17001 3055 1375 158
17000 7965 9454 18
17001 4862 4397 152
17000 8898 713 15
17001 8231 4816 152
17001 5606 8478 115
17000 7779 6082 19
17001 8124 7512 152
17000 4842 4976 28
17001 4656 6200 145
17000 901 8639 14
17001 2615 3122 123
17001 1720 4653 151
17001 4572 5473 151
17001 3648 3390 148
17001 6046 4578 147
17001 1976 1891 146
17001 5120 8710 148
17000 1919 7166 8
17000 510 6894 78
17001 4544 3180 147
17000 8651 1610 7
17000 4664 2620 77
17001 4211 1222 147
17001 490 7907 147
17000 1535 9788 18
17001 4750 5463 130
17001 2948 4356 160
17001 7871 1101 128
17000 7754 7234 95
17000 6154 4957 34
17000 5128 8435 126
17000 1815 9805 34
17001 4268 3271 140
17000 1399 4348 42
17000 2404 5485 130
17001 716 3773 176
17000 3958 3098 112
17000 1202 5963 132
17000 4911 7396 68
17000 2964 5851 131
17001 9400 6464 167
17000 3591 3109 130
17001 4873 8454 176
17000 3369 8683 117
17000 4826 7053 32
17000 1347 3750 130
17000 4926 9554 66
17000 9377 1281 117
17000 423 2050 132
17000 460 1602 67
17000 6476 5169 97
17000 991 279 28
17000 1835 2714 67
17000 4035 2127 116
17000 6396 4850 126
17000 7033 2590 116
17000 4310 7309 132
17000 6963 5662 130
17000 6651 5798 102
17000 6503 2251 128
17000 9619 7101 125
17001 8288 6208 167
17000 3371 8275 125
17000 1749 4927 30
17000 5274 163 125
17001 2197 918 162
17000 3968 7051 125
17000 4467 2492 34
17000 5806 895 117
17000 421 4381 117
17001 7307 3780 127
17000 6607 8479 116
17001 8636 6411 176
17001 582 9695 149
17000 9923 8918 115
17000 2276 5086 112
17000 5765 2038 92
17001 3149 3504 177
17000 9722 7982 114
17001 3539 9251 177
17000 823 3961 94
17000 9205 717 88
16000 4408 2142 7
16000 5372 1894 7
16000 3922 9328 7
16000 6483 99 8
16000 1793 7195 8
16000 4462 9378 8
16000 114 1835 13
16000 4177 1949 9
16000 6593 8640 7
16000 6719 8030 9
16000 718 911 13
16000 9046 4053 7
16000 5564 4210 13
16000 7667 544 12
16000 1344 4006 14
16000 7874 1420 26
16000 3988 888 20
16000 8639 409 20
16000 9639 4415 13
16000 5371 5492 20
16000 9927 870 23
16000 6929 6084 16
16000 6758 9040 18
16000 4210 6625 20
16000 5105 4868 17
16000 8689 1210 20
16000 9118 9470 10
16000 9340 7361 23
16000 2570 2048 26
16000 6396 9215 26
16000 2073 8834 34
16000 8244 5948 34
16000 6601 9793 32
16000 1122 9488 32
16000 7866 9459 32
16000 1170 3789 33
16000 1344 6115 32
16000 7529 9703 32
16000 184 3423 17
16000 753 6868 30
16000 7230 6237 16
16000 6955 4890 17
16000 5943 5432 28
16000 6932 512 32
16000 9868 8524 32
16000 1799 330 35
16000 8255 9274 39
16000 9132 7818 26
16000 5618 9678 40
16000 2950 9410 31
16000 3189 6877 40
16000 5556 5700 40
16000 8031 2552 40
16000 7628 5115 33
16000 6778 7833 40
16000 4537 9740 40
16000 8180 2915 49
16000 3148 6785 47
16000 6104 4288 56
16000 5004 3290 41
16000 9002 1271 47
16000 6663 5325 47
16000 5998 9011 29
16000 4905 1741 47
16000 5315 3656 47
16000 626 7979 47
16000 6429 6673 47
16000 4192 1575 47
16000 2665 1649 47
16000 3249 3667 38
16000 5125 4903 56
16000 9477 7244 57
16000 721 5202 47
16000 5882 5931 44
16000 4099 8202 57
16000 8921 659 57
16000 1282 7571 57
16000 8855 2043 57
16000 6948 1265 57
16000 155 2398 62
16000 7201 2658 62
16000 8784 1801 62
16000 8256 504 49
16000 6301 3025 62
16000 1586 7475 62
16000 1738 1293 18
16000 2353 1713 67
16000 1491 3113 33
16000 5715 5843 67
16000 2615 2727 33
16000 1491 9060 55
16000 5397 7384 68
16000 5073 7554 56
16000 7916 5734 67
16000 7898 8240 32
16000 3300 6110 61
16000 2600 4658 61
16000 2183 8261 18
16000 3296 6155 60
16000 8394 4264 53
16000 829 694 33
16000 6521 2584 68
16000 1369 432 16
16000 9495 1288 67
16000 1890 3419 32
16000 8079 2018 68
16000 317 1029 32
16000 2874 7191 68
16000 5283 7871 19
16000 984 6316 68
16000 5634 4154 68
16000 8875 2560 25
16000 7660 581 67
16000 9399 905 68
16000 1449 1806 69
16000 6131 3521 34
16000 3461 8543 40
16000 9181 9735 73
16000 2514 1226 40
16000 1712 3041 73
16000 4002 3031 84
16000 1313 3886 72
16000 3759 4073 87
16000 8671 2590 40
16000 1808 5822 73
16000 7090 5739 40
16000 5660 4282 74
16000 8755 9538 87
16000 7318 4110 89
16000 2353 4935 73
16000 4612 1787 68
16000 4978 3318 89
16000 8079 654 40
16000 9556 1981 73
16000 4909 5376 73
16000 98 2017 73
16000 6967 2315 73
16000 3535 6412 39
16000 3018 2352 70
16000 8787 2625 50
16000 4425 2295 75
16000 5893 9318 60
16000 3001 5143 39
16000 6142 2941 73
16000 3350 1461 74
16000 2406 5547 61
16000 178 1895 73
16000 7283 3665 69
16000 9547 6492 79
16000 3686 7719 74
16000 2951 2218 80
16000 2016 2110 78
16000 1243 9665 81
16000 4931 7465 79
16000 1956 825 47
16000 5820 7203 80
16000 4261 7811 80
16000 4828 9889 80
16000 371 6601 80
16000 4518 4657 32
16000 1414 7976 81
16000 483 9069 47
16000 9460 608 81
16000 8024 7111 81
16000 3234 8445 81
16000 2480 6173 81
16000 3719 4039 80
16000 5716 459 67
16000 812 5205 74
16000 7177 7410 104
16000 7775 6636 87
16001 9712 4206 166
16000 5672 474 132
16001 3442 4277 166
16000 9873 2286 130
16000 9221 3987 130
16000 2571 7665 109
16001 9346 2889 166
16000 7 3542 147
16000 4311 9021 59
16000 9331 2256 147
16000 5789 6327 131
16001 8656 5263 165
16000 5191 1120 153
16000 1288 9947 134
16000 5374 414 148
16001 7641 8121 166
16000 2409 5404 105
16000 687 4163 132
16000 8242 6195 96
16000 2600 5700 117
16000 5550 3896 116
16000 4678 839 134
16000 4792 3628 117
16000 5679 1111 119
16000 9273 8853 117
16001 5074 3058 154
16001 8743 4029 158
16001 7802 9831 158
16001 2225 2058 160
16001 7786 7798 159
16001 3520 9792 158
16000 5523 8092 87
16001 8272 2257 161
16001 7599 1436 158
16000 5429 1657 72
16001 4422 4827 161
16000 4631 1848 147
16000 8834 6035 147
16001 523 3665 169
16000 5189 3868 135
16001 5574 4999 167
16000 557 2370 147
16000 7052 9320 152
16001 8257 5777 167
16000 5166 8295 73
16001 9675 3398 168
16000 5002 4023 147
16001 6187 5540 157
16000 6254 7949 145
16001 195 7535 166
16000 3736 615 134
16001 6163 7385 167
16001 3290 471 168
16000 5354 2989 147
16000 8632 301 110
16001 9363 6952 156
16000 3003 6045 57
16000 8812 5254 55
16000 4181 5507 148
16000 5340 2864 142
16001 7741 2300 168
16001 9300 761 168
16000 5502 6324 147
16000 9683 8682 130
16001 6834 4098 167
16000 1173 3950 134
16001 5600 1623 156
16000 7243 4839 131
16001 6125 5250 167
16001 9014 2565 168
16000 3266 6602 153
16000 2516 3966 132
16001 2942 6888 169
16000 5925 8495 150
16001 6778 5906 169
16000 5255 3372 134
16001 2518 9262 159
16000 3481 3430 56
16000 8843 291 131
16000 7985 4431 149
16000 7092 8299 132
16001 7173 3802 166
16000 7020 1619 134
16001 7748 3561 158
16001 9311 7492 166
16000 6886 3788 130
16001 3814 4230 159
16001 2702 8172 167
16001 1994 9828 168
16001 2248 5874 173
16001 9586 1032 159
16001 8277 174 168
16000 4050 3802 48
16000 3182 7023 133
16000 9006 1095 88
16000 2893 6452 7
16001 3268 3867 173
16001 9096 6332 173
16001 9540 4931 156
16001 7163 56 168
16001 6454 5188 160
16000 7134 451 135
16001 8764 770 168
16001 5977 9435 159
16000 5962 8624 149
16000 7846 2989 88
16001 6819 167 158
16000 5107 7210 135
16000 1595 6099 88
16001 407 8609 168
16000 9196 1035 7
16001 5444 2796 168
16001 119 3235 158
16000 1700 8280 42
16000 1983 9258 88
16000 4545 9419 7
16001 6614 9622 166
16001 2625 9027 159
16000 7998 6272 146
16000 5373 6410 77
16001 4682 3900 167
16000 5380 7177 87
16001 642 8821 160
16001 3916 3570 167
16001 8682 8412 169
16000 4404 3462 8
16001 5162 3146 174
16001 7377 5064 175
16001 5038 7845 162
16000 1820 8904 134
16001 2071 4 174
16001 3301 3727 168
16000 9625 9991 134
16001 1479 8627 164
16001 2365 5353 168
16001 8071 1693 174
16001 7494 3930 174
16000 3609 2503 41
16000 5965 3221 72
16001 8445 6593 175
16000 7354 3839 56
16001 7437 8891 124
16001 7147 9201 167
16001 6839 5085 168
16000 5054 1056 82
16001 7227 8355 166
16001 4820 981 177
16000 4975 3543 125
16001 6684 313 168
16001 6399 4463 161
16000 689 2414 74
16001 9328 4427 181
16000 9997 5712 120
16000 5573 4311 62
16001 6795 9204 181
16000 4136 7058 125
16001 3126 1431 180
16001 4420 3678 159
16000 3499 7311 17
16001 3470 6241 192
16000 5381 262 123
16001 8599 1509 192
16001 6449 3116 180
16000 5493 3546 126
16000 188 1206 62
16001 6713 9302 173
16000 656 2723 120
16001 7154 8629 177
16000 4623 6203 77
16000 3194 3575 45
16001 7835 1233 177
16001 2665 5533 178
16001 5505 2544 191
16000 6563 5262 60
16001 8785 3463 175
16000 8810 8707 126
16001 1461 8975 191
16000 9707 8747 120
16000 5525 5784 62
16000 9809 6444 110
16001 5700 1539 174
16001 4851 4189 172
16001 6577 9438 173
16000 6226 5974 109
16001 2178 5029 173
16001 8765 6284 173
16000 3163 3133 109
16001 7593 6998 189
16000 4038 1245 109
16001 8507 4821 172
16001 9519 6193 174
16000 7531 4920 114
16000 7536 66 109
16001 5722 6540 184
16000 3505 8291 120
16000 7560 9564 101
16001 7425 2946 173
16000 9445 5835 126
16000 4035 4726 109
16001 1577 4019 172
16000 3556 4725 90
16001 9018 3587 178
16000 6957 5276 61
16000 6229 931 109
16001 1697 995 178
16000 8111 3171 61
16001 6127 7202 174
16001 2817 4188 177
16001 7584 8281 177
16001 2711 915 173
16000 8835 8798 60
16001 8491 4578 174
16001 4478 5913 173
16000 2065 4388 109
16001 3816 4481 189
16001 9488 9875 163
16001 437 5806 177
16000 8811 1292 62
16000 4943 6118 134
16001 2488 2993 173
16001 5202 2655 173
16000 4920 475 110
16001 9186 1571 173
16001 3641 1810 173
16001 7804 9694 172
16001 8449 9568 173
16001 2673 4241 173
16000 5267 4931 152
16001 3283 9696 172
16001 2502 3369 173
16001 1740 7781 173
16001 6875 4623 172
16001 4367 5416 172
16000 650 3166 152
16001 9721 7721 172
16001 2592 5949 149
16001 8835 69 173
16001 2736 3836 173
16001 8735 7205 173
16001 3665 7964 173
16001 5121 4272 173
16001 1379 8149 172
16001 9768 6005 171
16001 2781 2371 171
16001 8454 4191 171
16001 9418 6837 171
16000 4849 4675 34
16001 2835 4372 170
16000 4396 2950 15
16001 6137 2290 172
16001 7395 7956 165
16000 6675 3768 146
16000 9345 3308 135
16000 5638 7299 62
16000 2902 3034 145
16001 9693 3591 173
16000 3793 4643 107
16000 520 5952 152
16000 4749 2318 151
16001 6537 6492 172
16000 6916 6317 56
16000 6044 7536 153
16000 7576 1359 144
16000 3602 1763 64
16000 8675 4701 25
16000 4241 6858 132
16000 3725 3097 133
16000 3437 7074 88
16000 7093 5332 132
16000 2755 4729 57
16000 3532 4146 134
16000 8551 7411 57
16000 4503 7334 134
16000 1222 301 57
16000 7101 1125 147
16000 6226 7001 131
16000 5356 2014 134
16001 8296 799 171
16000 1665 7570 34
16001 4334 4058 167
16000 9691 1100 138
16001 7973 1029 170
16000 5212 2452 135
16001 751 6230 169
16000 63 3063 135
16000 6189 5719 34
16000 4729 8247 137
16001 7032 7110 168
16000 7465 7466 139
16000 4445 8908 28
16000 2828 3709 134
16000 9589 4070 138
16000 8651 583 130
16000 7802 5056 139
16000 6354 8803 134
16000 4372 9695 139
16000 7733 4594 139
16000 8783 6976 16
16000 4629 8804 130
16000 3081 7419 139
16000 4327 5872 119
16000 2939 1034 27
16000 3628 4728 139
16000 772 5212 139
16000 3498 4018 32
16000 5919 4395 139
16000 4438 1212 124
16000 7677 4066 139
16000 5948 4674 118
16000 5719 7738 15
16000 8516 8291 32
16000 7170 6913 111
16000 8083 8207 34
16000 2559 656 130
16000 1804 1018 137
16000 1651 4618 116
16000 6436 4297 130
16000 7445 3627 127
16000 2247 1904 67
16000 8195 7943 122
16000 9694 4855 134
16000 7747 6263 118
16000 5207 2537 120
16000 8543 6119 68
16000 9762 8053 130
16000 4100 824 61
16001 7592 7655 173
16000 6945 156 130
16000 769 4812 62
16001 7028 7588 189
16000 6926 6144 44
16000 434 8351 133
16001 3766 5813 171
16000 3058 2271 110
16000 2484 3581 122
16000 4016 3832 121
16000 7425 5448 120
16000 8145 6060 120
16000 3022 8588 125
16000 2743 4001 121
16000 1582 4926 16
16000 8890 5885 68
16000 6281 4034 117
16000 1911 6865 32
16000 5023 5467 118
16000 4627 2959 118
16000 2901 1038 117
16000 5551 8567 117
16000 5730 9703 119
16000 1496 7073 117
16000 267 2635 118
16000 9022 6903 99
16000 674 3097 111
16000 4027 5771 118
16000 6076 277 118
16000 6592 5419 118
16000 174 3957 97
16000 8883 2329 119
16000 2233 5670 119
16000 8628 5756 114
16000 3576 731 119
16000 1460 2740 118
16000 664 396 75
16001 7548 4714 177
16000 9794 7521 109
16000 9555 7493 151
16000 4863 3075 152
16000 6482 8154 110
16000 9444 5485 152
16000 5128 7581 148
16000 2822 1146 148
16000 4011 6350 56
16000 9302 3922 134
16000 2188 3976 56
16000 9577 2679 51
16000 3668 7242 119
16000 7016 5269 47
16000 8807 4299 135
16000 9397 4122 134
16000 3578 5845 83
16000 7967 9302 133
16000 7570 4732 49
12000 2602 7399 6
12000 7336 5782 6
12000 5116 4776 6
12000 5492 5413 6
12000 7954 2431 6
12000 9071 6519 6
12000 6789 5989 6
12000 9924 5581 6
12000 7707 6160 6
12000 5042 4687 6
12000 3255 4575 6
12000 8508 500 8
12000 2237 7767 8
12000 5521 1915 10
12000 5104 4822 10
12000 2769 3550 22
12000 7273 3010 23
12000 9840 9451 6
12000 1794 434 22
12000 5570 2083 21
12000 4092 1611 23
12000 6621 2998 23
12000 5759 9194 23
12000 9512 7991 13
12000 6719 8398 15
12000 5672 2770 15
12000 5167 1649 6
12000 2736 8655 22
12000 3385 8037 18
12000 6438 2945 23
12000 5334 1812 6
12000 5511 7438 21
12000 5152 5308 12
12000 4993 4391 22
12000 5694 9259 10
12000 2334 2360 15
12000 3119 8021 17
12000 2196 7643 15
12000 7059 3171 24
12000 6207 2666 27
12000 3612 4205 24
12000 3733 9147 22
12000 6295 1653 6
12000 8608 3878 21
12000 9918 8211 12
12000 8802 4469 20
12000 8331 8195 28
12000 4273 6712 25
12000 1776 7256 19
12000 9563 7414 24
12000 7712 4450 22
12000 6821 5524 25
12000 4671 8940 22
12000 64 8303 22
12000 7737 3064 25
12000 3732 4868 24
12000 4269 5085 18
12000 2768 9611 23
12000 7212 5169 6
12000 4272 2506 11
12000 6728 1485 25
12000 8850 572 23
12000 6006 4172 6
12000 8154 3201 11
12000 4997 5410 15
12000 3072 1779 24
12000 1282 2491 27
12000 9695 6177 27
12000 4105 5714 24
12000 5195 5429 25
12000 1021 2864 27
12000 7894 3650 16
12000 3170 9119 22
12000 5295 4563 19
12000 7823 1693 15
12000 7275 3627 27
12000 5418 3337 25
12000 2391 1620 27
12000 4577 8609 9
12000 1332 33 22
12000 3185 5600 27
12000 7949 2953 22
12000 8652 2418 22
12000 4612 3705 18
12000 7452 5521 10
12000 8062 3365 25
12000 1224 240 27
12000 6257 2451 19
12000 3784 9097 26
12000 635 9887 22
12000 2637 4654 26
12000 204 6785 22
12000 6671 7417 26
12000 2623 9175 26
12000 9307 6437 24
12000 2099 743 27
12000 2510 8091 10
12000 5002 4609 27
12000 9150 6227 21
12000 2855 2397 28
12000 5294 1627 22
12000 4256 7552 26
12000 5130 6713 14
12000 8319 7255 30
12000 2986 8484 30
12000 5236 920 30
12000 8930 1713 30
12000 9490 4687 30
12000 6495 342 20
12000 4989 2479 30
12000 5894 2894 30
12000 4027 5078 30
12000 989 8159 12
12000 687 8788 28
12000 2592 144 25
12000 6005 6342 30
12000 3635 6647 20
12000 1933 8666 27
12000 2950 7263 17
12000 9917 5097 25
12000 219 7987 29
12000 7961 687 20
12000 901 2309 31
12000 3167 7679 30
12000 7971 2293 20
12000 7595 5233 22
12000 2581 1283 30
12000 4237 6183 25
12000 994 2113 17
12000 2181 231 26
12000 9201 4129 24
12000 2355 9713 18
12000 5716 6806 27
12000 6851 3791 26
12000 8730 2322 9
12000 9461 7368 28
12000 1910 6706 18
12000 697 9820 11
12000 466 4008 28
12000 6959 2071 11
12000 452 7529 29
12000 8628 1962 28
12000 4485 8090 24
12000 6718 4690 29
12000 4958 2628 17
12000 5395 6118 22
12000 79 1184 26
12000 613 593 24
12000 6850 8455 17
12000 3604 5187 23
12000 4603 7236 25
12000 6019 2539 7
12000 9908 3307 27
12000 5870 2716 27
12000 3122 9397 24
12000 6721 5550 28
12000 8750 4637 18
12000 4750 5329 30
12000 167 2744 20
12000 6617 3375 23
12000 8031 3621 29
12000 2549 8421 22
12000 6009 6587 28
12000 3070 8679 30
12000 2083 9382 14
12000 7724 4873 25
12000 3471 4561 26
12000 6478 2469 19
12000 3744 5145 30
12000 3163 8701 20
12000 5800 3563 12
12000 3806 4905 8
12000 6148 5030 16
12000 9703 8901 28
12000 1716 596 19
12000 3390 1741 11
12000 3330 6146 23
12000 1212 7341 29
12000 6218 4247 27
12000 6150 6093 8
12000 7978 4829 28
12000 4878 8627 30
12000 6681 3583 19
12000 2641 834 30
12000 3038 4927 10
12000 7113 7286 21
12000 7653 5899 9
12000 6704 5960 8
12000 8643 7698 24
12000 9227 9022 25
12000 5401 4214 19
12000 3185 3347 25
12000 2966 139 31
12000 9946 6009 27
12000 6674 4186 23
12000 8494 7577 15
12000 8768 5828 23
12000 6656 4369 22
12000 7010 4693 26
12000 3681 1031 16
12000 2325 8527 10
12000 7358 6173 20
12000 7631 9946 28
12000 1369 9447 31
12000 2723 2804 28
12000 9528 5114 24
12000 4593 9044 31
12000 185 4334 27
12000 3411 3730 25
12000 8526 2473 10
12000 8081 207 10
12000 3676 9936 22
12000 96 6085 19
12000 4811 2426 22
12000 3785 1354 18
12000 5656 8621 10
12000 2184 3247 19
12000 3028 8612 17
12000 4141 7321 21
12000 2009 8724 22
12000 7919 999 14
12000 8567 6913 22
12000 2271 5346 19
12000 9589 2688 21
12000 317 7531 18
12000 2273 4832 21
12000 5672 8696 18
12000 8181 719 20
12000 8297 4991 16
12000 8893 2192 21
12000 1185 9242 21
12000 7913 1771 19
12000 2908 1158 18
12000 9405 3261 10
12000 6596 4692 20
12000 5151 4616 20
12000 5285 2202 14
12000 8889 2782 17
12000 194 4346 18
12000 2797 6792 11
12000 5530 6706 20
12000 8614 4966 11
12000 4245 1699 20
12000 1803 6639 11
12000 4767 8901 20
12000 4855 9428 12
12000 3160 8958 13
12000 5395 9713 20
12000 5574 7203 17
12000 8963 4087 29
12000 6596 5869 26
12000 7593 984 25
12000 7014 4834 19
12000 4246 9792 19
12000 4161 2505 9
12000 5739 6661 17
12000 1624 1707 8
12000 9053 3860 17
12000 2430 4854 18
12000 629 5649 25
12000 1823 6871 17
12000 3953 5123 11
12000 1871 3096 24
12000 6169 3806 17
12000 9568 978 19
12000 3312 9274 10
12000 7998 6140 18
12000 6292 5880 11
12000 3375 4307 21
12000 1584 9327 15
12000 6984 5271 14
12000 7632 2010 17
12000 4976 9247 18
12000 8378 6772 10
12000 4116 3664 16
12000 4568 2212 28
12000 6250 3582 10
12000 7001 1983 13
12000 8654 329 7
12000 3392 496 12
12000 4741 2426 12
12000 2685 1478 16
12000 4005 4416 13
12000 6294 5248 13
12000 18 6823 8
12000 3236 9356 16
12000 8954 4358 8
12000 3113 8726 16
12000 5140 1824 8
12000 8210 3464 8
12000 5723 2925 14
12000 5563 1777 8
12000 964 2543 13
12000 5587 2338 16
12000 408 7859 14
12000 7622 7979 16
12000 1720 2563 15
12000 5644 9826 15
12000 3554 33 12
12000 3047 9755 6
12000 144 8311 15
12000 9668 4454 15
12000 5082 4227 6
12000 6333 1016 12
12000 8533 7519 13
12000 1948 3111 14
12000 5244 4861 10
12000 8958 5760 11
12000 3234 1196 7
12000 4169 9264 8
12000 8266 5837 16
12000 3522 7731 6
12000 2530 2134 17
12000 3706 5258 10
12000 4971 6464 17
12000 8346 1119 10
12000 3538 2775 22
12000 4508 575 11
12000 2531 6077 21
12000 4974 5558 25
12000 7034 5156 10
12000 8867 8397 9
12000 3727 4783 7
13000 8169 3280 10
13000 4197 5263 8
13000 5523 2822 6
13000 2840 9879 9
13000 6321 6172 9
13000 288 3515 9
13000 4848 1212 8
13000 1626 5082 8
13000 5121 4784 7
13000 4970 7594 9
13000 3908 1393 9
13000 5586 5664 10
13000 368 7598 7
13000 6836 7421 16
13000 2651 307 14
13000 5211 1398 14
13000 2115 6726 17
13000 6167 3968 17
13000 1331 6062 17
13000 4847 4969 10
13000 6596 4593 14
13000 474 212 17
13000 6755 2366 15
13000 8020 1240 14
13000 5782 3465 11
13000 6218 3661 12
13000 7583 1129 19
13000 5023 2522 15
13000 5869 4530 20
13000 5289 3707 20
13000 1192 7739 20
13000 2290 2212 18
13000 3006 5670 26
13000 84 5852 26
13000 1055 9807 27
13000 282 3590 27
13000 5292 842 27
13000 2457 445 27
13000 8102 2535 26
13000 8071 818 27
13000 9480 6562 21
13000 3637 4356 31
13000 669 9123 11
13000 8836 1854 32
13000 5957 5753 31
13000 6660 4665 29
13000 2261 8618 14
13000 2425 1510 32
13000 17 5231 32
13000 4628 6998 13
13000 2221 2860 31
13000 1891 1155 31
13000 7253 1563 19
13000 6994 8360 26
13000 6481 6881 12
13000 6358 6604 26
13000 7722 5488 10
13000 9216 9317 32
13000 6719 1313 18
13000 9849 5272 32
13000 366 1521 31
13000 412 4398 19
13000 3200 4997 31
13000 7732 2658 32
13000 7810 4769 19
13000 4793 5806 32
13000 1479 4550 31
13000 3456 1656 18
13000 5428 2338 32
13000 5259 3142 18
13000 30 7644 26
13000 527 3001 31
13000 5535 5211 38
13000 5439 3846 38
13000 7151 891 39
13000 2818 6315 39
13000 9991 7937 39
13000 5454 4605 35
13000 6174 1956 33
13000 2633 8937 22
13000 2581 6922 10
13000 7808 675 38
13000 1720 6471 9
13000 1351 4223 38
13000 8214 8875 21
13000 9630 6269 19
13000 1711 2803 38
13000 6452 2901 7
13000 6261 8245 21
13000 3102 3524 21
13000 3318 3611 22
13000 4800 1726 9
13000 642 456 37
13000 7399 5679 38
13000 7484 2725 35
13000 2142 5255 8
13000 882 6100 39
13000 2220 3991 31
13000 7229 3548 38
13000 3092 5198 36
13000 6279 5359 45
13000 6773 5194 27
13000 1880 2605 45
13000 5214 8827 44
13000 1472 488 40
13000 7109 2017 45
13000 2952 8552 18
13000 2853 447 44
13000 8469 1110 45
13000 1443 837 44
13000 4826 9595 45
13000 5431 4472 42
13000 8656 8601 45
13000 2571 4374 38
13000 7171 958 45
13000 7860 6270 34
13000 8335 2037 44
13000 2789 7094 44
13000 2928 3624 44
13000 9820 1002 25
13000 9147 2666 41
13000 5849 897 27
13000 7298 347 45
13000 3263 3101 44
13000 2024 5156 6
13000 6285 3895 39
13000 6819 2771 50
13000 6205 1937 50
13000 8154 2464 51
13000 6046 8342 50
13000 2916 5683 50
13000 8079 6492 38
13000 3956 1823 50
13000 3192 5591 9
13000 6904 2848 49
13000 8783 4310 29
13000 6337 3540 56
13000 7079 9516 56
13000 76 9636 14
13000 2235 225 56
13000 6120 6736 57
13000 6492 1886 29
13000 6163 3632 56
13000 181 6006 20
13000 6339 5698 56
13000 2746 3490 56
13000 3147 3715 50
13000 6432 5661 56
13000 6652 2765 20
13000 3056 9056 56
13000 8607 420 19
13000 9941 8579 56
13000 7415 1095 56
13000 7141 4673 12
13000 5835 506 56
13000 7209 9804 20
13000 2198 2739 27
13000 4434 7514 56
13000 2281 17 20
13000 7567 7768 18
13000 8857 8096 56
13000 8028 3433 56
13000 8762 8014 20
13000 9538 2859 56
13000 2116 1775 32
13000 1797 8653 56
13000 2818 3463 32
13000 625 5988 47
13000 8720 2147 27
13000 781 6936 62
13000 7182 5064 61
13000 7755 6187 16
13000 5935 1280 62
13000 5723 9728 38
13000 6276 3211 48
13000 3604 6805 31
13000 7072 8101 61
13000 3877 2694 30
13000 5847 3564 23
13000 6377 2982 16
13000 2819 3392 62
13000 3724 4896 23
13000 2492 815 62
13000 1560 7709 27
13000 2059 3230 31
13000 309 6544 62
13000 3245 213 26
13000 99 6802 32
13000 5392 6640 58
13000 2893 8726 26
13000 5413 3256 32
13000 9474 5459 34
13000 6288 4960 27
13000 4656 4843 30
13000 3532 881 58
13000 6732 4229 62
13000 2378 2294 62
13000 6983 1068 59
13000 6436 7550 42
13000 9362 1474 62
13000 9114 9419 62
13000 6407 6087 62
13000 5828 5066 6
13000 6810 4692 48
13000 1636 3280 68
13000 8090 1903 43
13000 5413 1200 44
13000 3661 4557 63
13000 1531 66 73
13000 5269 1496 44
13000 2247 1805 73
13000 8078 8106 73
13000 866 6903 69
13000 6177 5186 39
13000 5455 1825 17
13000 6780 3651 20
13000 3284 5455 56
13000 4840 2739 32
13000 6589 7494 80
13000 1383 1769 78
13000 8752 763 86
13000 962 5572 17
13000 9532 9323 56
13000 9189 1558 88
13000 2868 677 61
14000 7990 6720 7
14000 3311 9352 7
14000 5503 6522 8
14000 3538 337 11
14000 1382 4208 10
14000 8390 3305 11
14000 6019 5844 8
14000 164 6519 7
14000 7743 2801 7
14000 701 9262 7
14000 4364 8589 6
14000 8266 6838 10
14000 9041 5743 11
14000 4304 796 12
14000 5763 4345 12
14000 7585 2916 8
14000 4740 9950 12
14000 9266 5979 14
14000 5306 1450 14
14000 281 7318 15
14000 3964 4584 14
14000 8069 6259 8
14000 6134 5860 14
14000 4602 9550 14
14000 8509 8442 14
14000 2541 8629 14
14000 2249 6053 20
14000 2113 1026 19
14000 5698 6457 10
14000 4186 352 21
14000 3256 9544 19
14000 841 7406 21
14000 3993 4235 7
14000 2299 7310 17
14000 2151 1835 17
14000 5022 9122 17
14000 2506 7384 17
14000 3338 3169 17
14000 9960 3396 17
14000 4470 7441 18
14000 1652 2196 21
14000 3529 7388 21
14000 79 8230 21
14000 850 5424 21
14000 1827 3654 21
14000 8343 7745 21
14000 5155 1733 21
14000 947 5492 21
14000 4249 6572 21
14000 7700 5994 21
14000 4307 3486 25
14000 6362 1993 23
14000 8296 7124 23
14000 9291 7399 14
14000 4071 959 23
14000 3869 9712 23
14000 1308 6862 23
14000 8734 5722 21
14000 765 1525 7
14000 149 4249 23
14000 6999 3595 23
14000 7021 8158 23
14000 6623 1452 16
14000 7896 7044 12
14000 6611 359 17
14000 5887 9107 25
14000 7114 8795 22
14000 9481 5651 22
14000 9745 5438 27
14000 8995 210 27
14000 5495 5116 23
14000 2828 752 27
14000 5580 4401 25
14000 337 5415 27
14000 8452 2735 12
14000 2730 9368 27
14000 7741 5504 14
14000 1897 5925 37
14000 4343 2156 12
14000 4940 3214 27
14000 55 753 28
14000 7079 901 14
14000 6258 4733 34
14000 9197 3108 14
14000 8628 4168 27
14000 8207 3053 14
14000 8694 7265 15
14000 7852 3782 27
14000 1787 9075 27
14000 1843 4218 27
14000 2361 7567 36
14000 4555 9275 37
14000 3650 1538 27
14000 4632 2559 37
14000 1160 4211 37
14000 9991 9429 15
14000 8406 7458 37
14000 313 7239 15
14000 9446 7300 27
14000 7066 6018 37
14000 6289 2773 27
14000 6925 5853 38
14000 1602 8025 39
14000 8770 4450 30
14000 5667 770 39
14000 5848 5891 31
14000 7023 1831 31
14000 1097 7874 40
14000 3121 5086 35
14000 6947 4722 31
14000 6540 393 20
14000 2477 4362 30
14000 9337 8624 31
14000 1518 7004 29
14000 2148 6988 39
14000 6965 6102 30
14000 5669 2920 30
14000 1787 4849 11
14000 4193 9638 40
14000 2436 5840 37
14000 1852 6295 31
14000 9416 4168 15
14000 4486 6748 17
14000 2640 4769 40
14000 2276 9141 17
14000 7157 1260 39
14000 8295 6479 39
14000 206 6387 31
14000 7772 9098 27
14000 172 7234 21
14000 1493 3048 17
14000 6103 9826 40
14000 1402 9056 10
14000 8999 9670 28
14000 7245 6192 42
14000 8437 2291 41
14000 2663 8761 41
14000 3434 7173 38
14000 4857 4028 34
14000 7979 2958 41
14000 7178 4292 21
14000 8875 8544 38
14000 8221 7853 38
14000 7512 5776 45
14000 1810 7850 40
14000 4653 6292 43
14000 2978 5095 46
14000 6391 8974 23
14000 6434 1553 46
14000 2243 3178 45
14000 8760 5859 44
14000 8426 7019 46
14000 5156 3507 23
14000 2214 1307 32
14000 2933 6196 23
14000 6304 7400 42
14000 839 4211 20
14000 5215 7663 35
14000 946 8301 46
14000 8721 5208 34
14000 9151 2273 48
14000 517 2684 48
14000 3118 8906 48
14000 1577 6377 48
14000 9603 3939 40
14000 1912 371 47
14000 6558 659 48
14000 2975 3948 48
14001 690 8374 56
14001 7470 2532 67
14001 5174 7791 55
14001 3876 8031 70
14001 7738 1835 56
14001 6584 4074 55
14000 1837 1516 52
14001 5194 7398 56
14000 581 822 17
14001 8456 1552 60
14000 7647 4319 43
14000 8038 7658 58
14001 1450 2452 49
14000 3772 3746 35
14000 137 7894 58
14000 5262 3955 20
14001 3932 5357 56
14000 397 5522 21
14000 6011 3646 32
14000 7263 7268 58
14001 4074 7474 60
14001 4405 3175 56
14000 6504 2107 42
14000 8303 8418 57
14001 5179 8353 60
14000 945 1566 21
14000 5829 9259 43
14000 5859 8772 55
14001 2015 5549 59
14001 4936 6889 58
14000 5764 6865 35
14000 9067 2553 42
14001 9523 7836 62
14001 3847 7300 55
14000 6710 3153 56
14001 4400 6920 62
14000 3246 872 58
14001 1994 563 60
14000 7627 3592 57
14001 745 2864 62
14000 2248 1437 40
14000 503 4135 56
14001 1897 5180 62
14000 4223 1885 59
14000 9062 4115 53
14000 8304 1418 21
14000 5160 506 39
14000 1318 2189 56
14001 6846 3149 49
14000 4362 8797 21
14000 3449 5980 58
14001 3701 818 57
14000 5549 207 57
14000 6024 2400 58
14001 5110 6955 61
14000 9793 4057 49
14001 5849 4744 61
14000 8923 3254 56
14001 4310 3058 61
14000 6120 7920 38
14000 1093 131 58
14001 4378 1051 62
14000 847 3873 58
14001 7453 4643 53
14000 2676 9982 59
14000 5702 4977 47
14000 3373 7922 59
14000 7254 8796 47
14000 8100 4060 58
14001 5215 9683 61
14000 1483 5233 49
14001 3598 9538 62
14000 9103 7571 61
14000 4903 1500 58
14000 7867 2141 15
14001 7170 7855 65
14001 4025 6173 65
14001 7100 3824 62
14000 1922 6346 12
14001 4455 8401 65
14000 834 9866 27
14001 7322 6555 66
14000 8235 4228 27
14001 6638 7048 65
14001 6490 7829 64
14001 2087 1281 66
14001 2306 6714 56
14001 5033 5703 66
14001 8607 3753 56
14000 3839 2415 23
14001 7521 8464 66
14001 3840 6012 51
14001 2002 5664 64
14001 6592 3784 51
14001 6764 8153 66
14001 1149 2135 42
14001 9163 8214 71
14001 2428 9018 57
14001 1298 7207 49
14001 6328 7052 66
14001 7684 9306 66
14001 9938 491 66
14001 7778 8926 56
14001 9073 4600 66
14001 3756 7592 56
14001 1058 5109 65
14001 2130 9638 66
14001 1882 596 65
14001 3075 7195 56
14001 4594 3783 52
14000 3094 4837 39
14001 6467 3919 65
14001 8946 6989 57
14000 7150 4133 54
14001 6692 9645 53
14001 1320 5351 62
14000 2915 8020 40
14001 5021 6180 50
14001 5686 3949 65
14000 4785 5942 36
14000 1720 4408 54
14001 4201 1357 56
14001 3447 4673 62
14001 6184 1409 63
14000 9574 6845 53
14001 8005 7927 56
14001 5755 8200 53
14001 2377 3723 56
14001 6315 2400 65
14001 4829 670 66
14001 9353 4947 43
14000 5475 9999 37
14000 9992 3857 58
14001 3252 7175 56
14000 8874 9794 42
14001 9154 4686 49
14000 5231 6424 47
14001 7459 4313 61
14001 9005 7024 61
14000 9371 3838 53
14001 8552 7672 56
14000 2114 9888 55
14001 2450 6552 66
14001 3478 9723 48
14000 4271 1431 26
14001 7619 6558 49
14001 4939 5980 64
14000 5622 3806 37
14001 7660 5837 56
14000 3882 2142 42
14001 8530 5347 55
14000 3721 2616 58
14001 1787 8174 61
14001 3699 7129 65
14000 4495 7997 43
14000 2935 9604 58
14001 3631 3795 56
14001 6634 8819 68
14001 3958 7426 51
14001 9211 5757 56
14000 8660 2807 43
14001 5378 1646 56
14001 2368 8947 65
14001 6003 8870 62
14001 5269 5878 66
14001 9100 6 67
14001 5843 8346 67
14001 5565 8790 63
14001 5246 6531 67
14001 8553 6168 56
14001 5561 6123 62
14001 7211 6819 64
14001 6707 7251 55
14001 4855 7301 70
14001 1465 4871 70
14001 8723 4761 70
14001 4735 7757 68
14001 2768 8252 69
14000 8876 9616 31
14001 3928 5904 68
14000 5594 5634 8
14000 2255 6925 51
14001 7358 8969 69
14000 6141 6194 46
14001 5752 249 72
14001 7361 2417 68
14000 7115 4994 12
14000 4042 4034 48
14001 3163 5847 68
14001 2097 2557 71
14000 6168 3254 48
14000 742 6104 7
14000 9053 7882 48
14000 6185 4149 23
14001 9413 2402 71
14000 6236 5777 23
14001 4515 5071 71
14001 7413 6898 68
14000 3544 7730 28
14000 9848 7637 44
14001 9105 4906 71
14001 2627 5967 57
14001 6365 7871 64
14000 1926 6052 45
14001 4588 4094 70
14001 7346 2179 68
14000 6948 2482 30
14000 4695 627 40
14000 7250 8471 50
14001 2343 9405 72
14001 8891 5475 66
14000 6192 9292 14
14001 5928 1991 71
14000 1487 896 14
14001 7676 6943 66
14000 5732 1402 45
14001 4701 3472 72
14001 1290 3452 66
14000 5082 6385 31
14000 6150 7779 47
14000 6886 6583 41
14000 7359 2015 59
14001 3987 2318 70
14000 1746 7432 45
14001 4757 7890 63
14000 4753 6168 27
14000 4091 4263 48
14000 2303 8242 53
14001 4629 8496 68
14000 3843 7030 44
14001 6870 7170 59
14000 1913 9379 45
14001 3217 5927 56
14001 5741 5311 72
14001 4226 2320 71
14001 6767 1912 71
14000 7463 3395 53
14001 9878 4124 63
14001 1174 4975 61
14000 4002 3261 25
14001 8019 5027 71
14000 1354 6651 53
14000 1171 8344 45
14001 3166 2695 66
14001 5963 4959 71
14000 9897 6977 45
14001 8345 4865 63
14001 9435 5027 71
14001 4471 4761 65
14001 5880 8063 62
14000 6801 5377 46
14001 3324 7569 72
14000 5430 9477 30
14000 741 6732 46
14001 6983 6913 62
14001 7430 6054 73
14000 5948 3901 48
14000 410 2868 48
14001 4341 4596 62
14000 3672 3607 48
14001 1150 4755 73
14000 3133 2956 13
14001 7272 8230 67
14000 9774 2270 44
14001 8993 2867 62
14000 5535 7545 48
14001 9703 1813 70
14000 9048 2909 23
14001 8337 4058 65
14001 4284 6043 62
14001 4269 4040 57
14001 7586 6597 56
14001 6593 6369 52
14001 626 2246 61
14001 3534 2341 66
14001 7246 4516 61
14001 1616 9679 71
14000 9069 3294 60
14000 1580 8563 42
14000 3059 2397 30
14001 1754 1818 71
14000 6403 8543 60
14000 8858 7628 48
14000 2036 2322 59
14000 5908 6262 38
14000 8590 5794 43
14000 3725 7381 54
14000 1905 2095 48
14000 7661 9994 28
14000 3899 4953 46
14001 9467 9848 66
14000 8375 3900 53
14000 7698 2198 42
14001 8462 8977 71
14000 4660 4490 60
14000 3407 2926 62
14000 5069 9456 53
14000 1798 1415 59
14000 5498 1022 60
14000 4641 8118 51
14001 9063 5248 71
14000 507 3627 41
14000 402 1900 52
14000 3190 1237 45
14000 1934 7466 61
14000 9588 3891 34
14001 3106 4176 63
14001 3731 8436 72
14000 6269 9608 60
14000 3258 9872 59
14001 6253 6449 63
14000 6096 3457 61
14000 5810 2473 21
14000 7592 9504 48
14000 5100 6092 53
14000 8255 9099 38
14001 4351 5734 63
14000 4488 1655 62
14000 7078 2190 53
14000 3913 3063 44
14001 8662 5504 62
14000 6723 6652 60
14000 4468 9619 45
14001 1366 7247 73
14000 8179 2218 57
14000 7866 641 21
14000 407 6100 58
14001 2623 5852 50
14000 3696 896 55
14000 4091 8040 42
14000 4942 6594 59
14000 9604 5715 53
14000 8118 3188 16
14000 8063 5950 53
14000 5927 6126 57
14000 8989 8485 53
14000 7561 9340 51
14000 3569 5191 40
14000 1311 502 59
14000 6765 3382 58
14000 2336 2528 58
14000 9611 6708 57
14000 3244 4194 53
14000 238 3935 58
14000 6025 5150 46
14001 5457 4934 55
14000 6626 9206 52
14001 7008 4429 56
14000 7129 7614 48
14000 5713 7029 56
14001 1526 4006 67
14000 7447 176 51
14000 6145 1592 51
14001 1960 16 70
14000 8817 7410 53
14000 7962 2394 13
14001 4945 7958 61
14000 5291 9585 40
14000 8889 4383 7
14000 3520 5535 49
14001 2828 1822 71
14000 3038 8053 55
14000 8715 6872 10
14001 3943 3451 70
14000 2462 7916 56
14000 9049 3807 13
14001 4319 9088 70
14000 5653 7782 51
14000 6047 7609 6
14000 9498 6341 46
14001 6577 6155 70
14000 103 3420 50
14000 1676 4254 55
14000 2513 4964 13
14001 1496 2386 69
14000 4743 1431 49
14000 5485 8389 55
14000 9000 9772 55
14000 5590 7539 47
14000 5625 8177 51
14000 5086 1304 13
14000 4667 2277 50
14000 6836 5186 7
14000 9603 8870 55
14000 4814 6798 49
14000 1982 4535 56
14000 5692 8450 40
14000 700 4092 7
14000 8911 7917 10
14000 4173 8434 56
14000 2863 152 12
14000 261 187 56
14000 1483 5404 48
14000 8547 6753 49
14000 6676 2139 6
14000 6800 8704 55
14000 9062 894 13
14000 2725 6169 34
14000 5531 7984 12
14000 4786 5614 55
14000 9685 7037 8
14000 7988 621 12
14000 8094 564 25
14000 6935 2994 53
14000 3613 7629 45
14000 6811 6841 51
14000 4133 4882 10
14000 8478 5540 26
14000 1781 1951 44
14000 2768 8554 45
14000 4165 3770 12
14000 6845 4916 55
14000 824 9136 56
14000 8135 8690 55
14000 2947 6303 12
14000 5950 1735 56
14000 7318 927 8
14000 3610 5694 46
14000 5028 8130 55
14000 4710 2917 48
14000 6281 5135 12
14000 2124 1547 50
14000 3042 868 10
14000 9765 9493 25
14000 624 6475 56
14000 8764 7464 43
14000 5901 3702 53
14000 8768 3624 51
14000 5224 6791 52
14000 2685 3685 49
14000 435 2260 49
14000 828 2695 48
14000 8207 9162 44
14000 9330 8342 49
14000 5827 6380 34
14000 1152 8527 49
14000 5752 4075 41
14000 2390 7703 44
14000 8342 3705 48
14000 6649 960 49
14000 5503 830 8
14000 3577 3266 51
14000 5045 8656 50
14000 8031 642 8
14000 3230 5165 52
14000 3488 5713 48
14000 3353 2542 51
14000 7666 9002 46
14000 3297 8112 7
14000 4161 3517 50
14000 2141 4833 49
14000 2828 8724 8
14000 6402 3388 50
14000 5542 9025 49
14000 2989 2054 48
14000 8202 7596 46
14000 7778 7977 32
14000 7876 2055 12
14000 1494 2104 25
14000 7551 4537 40
14000 6038 9485 37
14000 7168 9646 48
14000 925 4134 48
14000 4592 6104 41
15000 8796 3452 69
15000 5661 4242 57
15000 7611 7867 19
15000 4421 3613 21
15000 1664 4952 30
15000 5021 5120 58
15000 2932 6898 45
15000 4581 6937 63
15000 7280 5555 100
15000 8477 2341 81
15000 4623 7132 45
15000 4941 3810 100
15000 1837 4050 100
15000 6988 6743 50
15000 5456 2983 75
15000 1743 7030 100
15000 3310 3293 61
15000 2486 2980 41
15000 3602 3439 48
15000 6463 6720 62
15000 8569 5973 93
15000 3730 6603 42
15000 8683 1515 42
15000 9493 5853 24
15000 9695 9325 93
15000 8403 6022 94
15000 331 7893 55
15000 5399 1404 92
15000 8535 7989 92
15000 3727 8990 57
15000 6936 5171 79
15000 4018 8161 39
15000 274 6187 90
15000 885 6948 92
15000 4465 7381 40
15000 6492 2387 35
15000 6132 2904 28
15000 5618 3124 93
15000 6842 6459 35
15000 160 4416 56
15000 974 7990 10
15000 6672 5277 6
15000 8870 7934 48
15000 1991 1822 47
15000 9681 2565 48
15000 7823 463 11
15000 6477 1917 31
15000 352 6874 40
15000 7968 8712 32
15000 5850 1027 71
15000 6524 2744 33
15000 4624 7491 77
15000 3616 5098 28
15000 2380 243 33
15000 1289 2958 40
15000 9175 7243 40
15000 3518 947 28
15000 4062 4401 30
15000 1702 7626 21
15000 5655 9047 68
15000 2484 6273 40
15000 2142 9056 40
15000 1551 6313 24
15000 5258 5361 40
15000 3836 6838 16
15000 6187 146 77
15000 5157 6245 68
15000 3846 1010 40
15000 6301 4530 11
15000 3318 4486 48
15000 1735 3974 16
15000 3027 3282 69
15000 5465 4500 63
15000 6968 2672 43
15000 3844 1518 69
15000 2315 2812 70
15000 6619 1733 18
15000 1757 2902 19
15000 3066 6590 69
15000 4384 6739 66
15000 2810 2171 18
15000 1904 6302 33
15000 1350 1664 8
15000 9239 7299 62
15000 6333 9253 19
15000 2483 2685 61
15000 9677 5629 23
15000 9685 8332 31
15000 3087 7475 29
15000 7790 3778 56
15000 7005 2391 61
15000 2981 4550 62
15000 5536 1355 100
15000 4276 9806 58
15000 2439 2898 28
15000 2262 2784 58
15000 9821 9220 55
15000 3182 3203 38
15000 4478 9087 16
15000 2234 8578 55
15000 3420 6209 25
15000 5374 1966 25
15000 6698 3583 31
15000 5330 3582 56
15000 5732 9604 48
15000 7439 8648 89
15000 6974 5344 40
15000 2968 7474 52
15000 3901 8617 56
15000 3689 6179 55
15000 7518 918 55
15000 9034 9116 55
15000 503 5521 92
15000 2890 4990 55
15000 2301 3421 56
15000 6258 5496 25
15000 3392 8137 93
15000 1603 5252 28
15000 8823 9275 55
15000 7672 8808 38
15000 8178 4669 10
15000 4083 5222 11
15000 1257 2386 11
15000 1276 8674 10
15000 787 7569 48
15000 9346 823 41
15000 1498 7602 48
15000 6616 7650 10
15000 100 5341 11
15000 4329 8181 48
15000 5561 3089 38
15000 6265 4235 8
15000 3888 9981 48
15000 5001 276 48
15000 2007 6989 11
15000 3957 3859 63
15000 9084 818 48
15000 3749 5050 11
15000 1660 5245 48
15000 570 3357 10
15000 8171 6702 48
15000 9205 3553 86
15000 9597 2913 48
15000 5280 8196 48
15000 5037 5382 28
15000 2934 5328 6
15000 5330 7789 83
15000 8120 4259 45
15000 1566 6736 48
15000 5112 5327 11
15000 3541 1442 48
15000 1599 3407 86
15000 586 970 48
15000 6611 4514 48
15000 78 5057 33
15000 1883 9111 40
15000 4778 232 33
15000 8159 4310 77
15000 2278 3470 40
15000 398 7436 40
15000 6852 4663 15
15000 1313 8013 67
15000 6167 2972 16
15000 535 7114 39
15000 1010 9574 33
15000 614 4997 40
15000 6910 7493 16
15000 4244 8100 33
15000 3700 3417 18
15000 6442 4521 18
15000 2404 8638 40
15000 2286 3359 33
15000 5919 7269 33
15000 1203 9405 40
15000 9637 5166 40
15000 2285 459 40
15000 7269 2612 36
15000 564 6553 29
15000 2086 8452 33
15000 7953 3111 40
15000 1907 4757 31
15000 3922 160 40
15000 4529 1239 25
15000 5837 3265 38
15000 6081 264 18
15000 8471 7152 25
15000 8361 8056 25
15000 7937 4626 40
15000 3180 8673 21
15000 7523 3754 33
15000 9910 334 53
15000 2049 4957 12
15000 7892 9216 26
15000 1176 1938 25
15000 5882 5621 40
15000 3228 2090 40
15000 3882 2560 36
15000 7482 9668 40
15000 6941 9817 40
15000 4526 8819 18
15000 4999 1692 25
15000 1713 6096 40
15000 1280 1308 19
15000 9992 3175 18
15000 1924 3811 25
15000 7413 9653 18
15000 3344 4494 73
15000 5367 5377 40
15000 7946 461 77
15000 8439 7751 13
15000 7566 7624 8
15000 367 5061 40
15000 7196 4949 10
15000 5349 4719 25
15000 931 7300 25
15000 5757 8958 25
15000 7270 9887 18
15000 1013 3594 77
15000 6997 1217 33
15000 1129 8075 25
15000 8945 764 24
15000 5209 5124 8
15000 3771 2383 30
15000 6434 5546 16
15000 9785 9308 33
15000 7379 5505 16
15000 986 7330 33
15000 6171 6045 20
15000 4092 4846 33
15000 5266 7984 40
15000 7953 798 33
15000 2203 2012 16
15000 9409 9293 25
15000 503 9434 25
15000 1754 2432 18
15000 9959 8652 25
15000 5560 9447 8
15000 3585 374 25
15000 7092 702 11
15000 8016 5354 19
15000 2371 3276 9
15000 3139 4472 25
15000 8104 8906 71
15000 360 3369 19
15000 102 4795 18
15000 5376 7224 11
15000 2021 6447 25
15000 2464 164 19
15000 6746 3621 18
15000 5397 8904 25
15000 6738 4477 18
15000 1904 3591 25
15000 3754 5241 19
15000 6401 6578 13
15000 5275 6259 19
15000 3267 6604 8
15000 6505 9967 25
15000 5983 127 18
15000 3182 7905 20
15000 5008 9065 19
15000 9605 4347 22
15000 4652 5834 19
15000 4724 9272 25
15000 4139 6488 18
15000 161 2792 20
15000 8978 8850 18
15000 5423 1328 7
15000 4023 5529 18
15000 8399 7330 18
15000 7925 8855 7
15000 8081 9885 18
15000 5598 3262 8
15000 8714 1888 18
15000 1731 5341 19
15000 9503 4301 8
15000 7583 5539 18
15000 3930 248 18
15000 7547 2045 11
15000 4291 6464 19
15000 5029 88 19
15000 4360 5440 28
15000 639 62 11
15000 7993 2733 19
15000 5695 3661 11
15000 5223 9358 11
15000 3700 4956 11
15000 6875 7818 11
15000 7375 2747 11
15000 6539 3602 10
15000 6124 8404 10
15000 9757 683 11
15000 5515 5408 10
15000 5509 9754 48
15000 3013 8256 11
15000 1406 1867 48
15000 906 3595 48
15000 2226 746 10
15000 118 9263 11
15000 5504 6798 48
15000 4576 8713 6
15000 5680 2330 11
15000 2416 4404 85
15000 5722 1889 48
15000 1390 6026 11
15000 5696 7290 37
15000 3898 8968 48
15000 2741 3167 33
15000 7732 5390 11
15000 3322 5020 62
