5 1000 2000 3000 4000 5000
1000 8769 943 2000
1000 9054 8707 2000
1000 2898 2828 2000
1000 1258 8524 2000
1000 6932 5289 2000
1000 5134 9421 2000
2000 6027 2104 900
2000 805 5477 900
2000 9879 4806 900
2000 388 944 900
2000 4501 372 900
3000 3500 6938 500
3000 4325 5271 500
3000 2405 368 500
3000 356 3016 500
3000 2486 5461 500
3000 9872 3396 500
3000 240 4118 500
4000 8656 4857 409
4000 7399 696 391
4000 5762 6133 397
4000 8191 7794 399
4000 7071 3772 408
4000 8017 9917 406
5000 8438 1397 90
5000 2790 2566 90
5000 9086 476 90
5000 1375 8069 90
5000 5329 9775 90
5000 1132 8672 90
5000 5190 9246 90
5000 9227 8964 90
5000 5681 9594 90
5000 1266 8427 90
5000 3041 3308 90
5000 3411 2543 90
5000 8845 1082 90
5000 5584 9309 90
5000 1235 9059 90
5000 330 864 90
5000 8954 945 90
5000 9266 1199 90
5000 827 5648 90
5000 9831 4774 90
5000 1086 8008 90
5000 6784 4882 90
5000 2689 3369 90
5000 9152 8390 90
5000 8602 377 90
5000 2489 3107 90
5000 8933 716 90
5000 6640 5167 90
5000 1004 5564 90
5000 789 8781 90
5000 911 8917 90
5000 1142 8874 90
5000 8461 1013 90
5000 593 5632 90
5000 545 5430 90
5000 1501 8270 90
5000 9065 1458 90
5000 8806 8249 90
5000 8740 8916 90
5000 7093 5336 90
5000 8651 8612 90
5000 2647 3051 90
5000 530 1060 90
5000 263 1083 90
5000 8331 901 90
5000 4970 9581 90
5000 2825 2955 90
5000 4255 357 90
5000 9965 4707 90
5000 911 8216 90
5000 4745 9323 90
5000 8990 8290 90
5000 6534 4971 90
5000 9465 8603 90
5000 6888 5248 90
5000 749 8474 90
5000 656 5257 90
5000 8618 1137 90
5000 1695 8680 90
5000 3143 2571 90
5000 8752 520 90
5000 6843 5557 90
5000 6343 5298 90
5000 4992 8884 90
5000 1578 8601 90
5000 7184 5587 90
5000 8651 1002 90
5000 3349 3180 90
5000 9412 9139 90
5000 9727 4659 90
5000 9039 1092 90
5000 1276 8173 90
5000 8535 1271 90
5000 5187 8829 90
5000 4535 346 90
5000 8789 1464 90
5000 8308 675 90
5000 8949 8606 90
5000 3051 3133 90
5000 9903 4564 90
5000 428 690 90
5000 3029 2365 90
5000 9132 8605 90
5000 5402 9600 90
5000 8360 1151 90
5000 7039 5772 90
5000 9026 1286 90
5000 6419 5487 90
5000 5275 9103 90
5000 1739 8226 90
5000 9235 8715 90
5000 3126 2925 90
5000 6376 5100 90
5000 8531 8862 90
5000 5580 9148 90
5000 7238 5172 90
5000 7358 4885 90
5000 6655 5657 90
5000 7401 5109 90
5000 1659 8350 90
5000 5121 9894 90
5000 887 8438 90
5000 4704 9595 90
5000 5363 9211 90
5000 4896 9884 90
5000 8609 8415 90
5000 5378 9376 90
5000 8944 9132 90
5000 4946 9113 90
5000 6763 5083 90
5000 6934 4871 90
5000 4902 9251 90
5000 4616 479 90
5000 9287 8435 90
5000 5527 9547 90
5000 3213 3072 90
5000 1530 8024 90
5000 5137 9519 90
5000 8795 1271 90
5000 873 8654 90
5000 8576 8728 90
5000 6805 5375 90
5000 9117 622 90
5000 6999 5108 90
5000 8628 684 90
5000 8191 905 90
5000 2540 2444 90
5000 9363 930 90
5000 9094 9243 90
5000 5020 9440 90
5000 8801 9191 90
5000 2779 2799 90
5000 9349 790 90
5000 7294 5725 90
5000 6188 1998 90
5000 2885 3409 90
5000 3246 2362 90
5000 6226 2214 90
5000 4664 191 90
5000 5415 8977 90
5000 8790 909 90
5000 9134 8149 90
5000 8791 8606 90
5000 1631 8909 90
5000 8450 591 90
5000 4939 9727 90
5000 2714 2258 90
5000 3401 2942 90
5000 4826 9535 90
5000 8296 1273 90
5000 3043 2806 90
5000 1043 8541 90
5000 734 8256 90
5000 8744 379 90
5000 9510 8825 90
5000 8201 1132 90
5000 4398 411 90
5000 1415 8696 90
5000 2676 2705 90
5000 5874 2096 90
5000 1099 8284 90
5000 4753 9046 90
5000 6101 2307 90
5000 1230 8016 90
5000 1350 8307 90
5000 6006 2205 90
5000 9627 4836 90
5000 2865 2296 90
5000 7144 4818 90
5000 8896 8431 90
5000 6992 5451 90
5000 3314 2797 90
5000 2529 3243 90
5000 3213 3212 90
5000 9090 819 90
5000 6553 5564 90
5000 1464 8408 90
5000 1015 8770 90
5000 9518 9023 90
5000 6793 5812 90
5000 6104 1865 90
5000 9440 8430 90
5000 1418 8993 90
5000 402 987 90
5000 8869 8810 90
5000 4479 142 90
5000 7350 5555 90
5000 4556 9360 90
5000 5509 9810 90
5000 2657 2860 90
5000 8948 411 90
5000 9194 954 90
5000 7208 5427 90
5000 2757 3215 90
5000 184 950 90
5000 2476 2907 90
5000 4669 9788 90
5000 2906 2687 90
5000 8895 546 90
5000 9157 1319 90
