1 1000
1000 7593 1144 333
1000 1976 2351 328
1000 7541 4217 495
1000 4195 5140 463
1000 3488 2907 951
1000 7182 7085 304
1000 5897 2808 674
1000 1079 5080 731
1000 5927 6268 402
1000 5712 8296 787
1000 8952 4637 574
1000 8180 1476 341
1000 1575 6093 267
1000 6886 2693 105
1000 1189 8693 774
1000 2913 8591 853
1000 5680 4594 764
1000 7833 6427 228
1000 8040 3087 138
1000 5032 1214 815
1000 8234 2402 440
1000 7678 8812 961
1000 3223 1145 268
1000 1903 7301 493
1000 7173 2270 4
1000 6386 5594 117
1000 3301 4663 482
1000 4897 5284 232
1000 6106 1765 105
1000 4094 7311 58
1000 3274 6569 925
1000 6921 4515 177
1000 2178 1472 533
1000 8960 6955 847
1000 6390 1799 69
1000 6978 6483 92
1000 4545 3760 379
1000 4516 4503 159
1000 7914 5060 208
1000 6597 7291 237
1000 7075 5278 393
1000 8268 1883 43
1000 7185 2084 84
1000 5865 3683 83
1000 5668 7028 11
1000 7421 6027 21
1000 6424 8883 55
1000 5311 7551 58
1000 8013 6928 8
1000 5463 6730 179
1000 3137 1777 125
1000 8424 5850 367
1000 4670 7355 298
1000 4538 5993 431
1000 6920 3500 280
1000 5888 7226 225
1000 1589 3493 718
1000 8876 2291 63
1000 6891 2993 134
1000 7447 4814 94
1000 1706 4368 81
1000 3493 5494 119
1000 8829 3124 75
1000 6447 1539 36
1000 4370 7821 244
1000 7459 3293 268
1000 1143 1739 472
1000 6484 6525 102
1000 3772 7918 52
1000 6982 6241 67
1000 8889 1592 145
1000 5329 6329 90
1000 1163 4161 10
1000 6907 1837 19
1000 2213 4809 289
1000 6357 3813 45
1000 3881 4204 18
1000 2764 1118 87
1000 1573 6832 28
1000 5454 5446 62
1000 4788 8240 132
1000 4998 2811 184
1000 2245 2817 151
1000 8239 4152 35
1000 2302 5620 299
1000 2511 3794 101
1000 7111 7943 48
1000 5060 2294 34
1000 1064 6776 165
1000 3761 1349 214
1000 8561 7952 123
1000 6796 8224 36
1000 6810 1321 201
1000 6570 2076 147
1000 3217 4025 16
1000 3070 4105 72
1000 2452 4460 2
1000 6823 6053 130
1000 7621 1782 79
1000 3853 4658 19
